/*--------------------------------*- C++ -*----------------------------------*\
| =========                 |                                                 |
| \\      /  F ield         | OpenFOAM: The Open Source CFD Toolbox           |
|  \\    /   O peration     | Version:  2.2.x                                 |
|   \\  /    A nd           | Web:      www.OpenFOAM.org                      |
|    \\/     M anipulation  |                                                 |
\*---------------------------------------------------------------------------*/
FoamFile
{
    version     2.0;
    format      ascii;
    class       labelList;
    note        "nPoints:7216  nCells:3081  nFaces:12850  nInternalFaces:6101";
    location    "constant/polyMesh";
    object      neighbour;
}
// * * * * * * * * * * * * * * * * * * * * * * * * * * * * * * * * * * * * * //


6101
(
1
12
2
13
3
14
4
15
5
16
6
17
7
18
8
19
9
20
10
21
11
22
23
707
13
24
14
25
15
26
16
27
17
28
18
29
19
30
20
31
21
32
22
33
23
34
35
711
25
36
26
37
27
38
28
39
29
40
30
41
31
42
32
43
33
44
34
45
35
46
47
715
37
48
38
49
39
50
40
51
41
52
42
53
43
54
44
55
45
56
46
57
47
58
59
719
49
60
50
61
51
62
52
63
53
64
54
65
55
66
56
67
57
68
58
69
59
70
71
723
61
72
62
73
63
74
64
75
65
76
66
77
67
78
68
79
69
80
70
81
71
82
83
727
73
84
74
85
75
86
76
87
77
88
78
89
79
90
80
91
81
92
82
93
83
94
95
731
85
96
86
97
87
98
88
99
89
100
90
101
91
102
92
103
93
104
94
105
95
106
107
735
97
108
98
109
99
110
100
111
101
112
102
113
103
114
104
115
105
116
106
117
107
118
119
739
109
120
110
121
111
122
112
123
113
124
114
125
115
126
116
127
117
128
118
129
2412
119
130
2415
131
743
2418
121
132
122
133
123
134
124
135
125
136
126
137
127
138
128
139
129
140
2414
2412
2414
2412
2415
2417
2415
2418
2420
133
144
134
145
135
146
136
147
137
148
138
149
139
150
140
151
141
152
2423
2414
2421
2423
2417
2421
2424
2426
2420
2424
2427
2429
145
156
146
157
147
158
148
159
149
160
150
161
151
162
152
163
153
164
2432
2423
2430
2432
2426
2430
2433
2435
2429
2433
2436
2438
157
168
158
169
159
170
160
171
161
172
162
173
163
174
164
175
165
176
2441
2432
2439
2441
2435
2439
2442
2444
2438
2442
2445
2447
169
180
170
181
171
182
172
183
173
184
174
185
175
186
176
187
177
188
2450
2441
2448
2450
2444
2448
2451
2453
2447
2451
2454
2456
181
192
182
193
183
194
184
195
185
196
186
197
187
198
188
199
189
200
2459
2450
2457
2459
2453
2457
2460
2462
2456
2460
2463
2465
193
204
194
205
195
206
196
207
197
208
198
209
199
210
200
211
201
212
2468
2459
2466
2468
2462
2466
2469
2471
2465
2469
2472
2474
205
216
206
217
207
218
208
219
209
220
210
221
211
222
212
223
213
224
2477
2468
2475
2477
2471
2475
2478
2480
2474
2478
2481
2483
217
228
218
229
219
230
220
231
221
232
222
233
223
234
224
235
225
236
2486
2477
2484
2486
2480
2484
2487
2489
2483
2487
2490
2492
229
240
230
241
231
242
232
243
233
244
234
245
235
246
236
247
237
248
2495
2486
2493
2495
2489
2493
2496
2498
2492
2496
2499
2501
241
252
242
253
243
254
244
255
245
256
246
257
247
258
248
259
249
260
2504
2495
2502
2504
2498
2502
2505
2507
2501
2505
2508
2510
253
264
254
265
255
266
256
267
257
268
258
269
259
270
260
271
261
272
2513
2504
2511
2513
2507
2511
2514
2516
2510
2514
2517
2519
265
276
266
277
267
278
268
279
269
280
270
281
271
282
272
283
273
284
2522
2513
2520
2522
2516
2520
2523
2525
2519
2523
2526
2528
277
288
278
289
279
290
280
291
281
292
282
293
283
294
284
295
285
296
2531
2522
2529
2531
2525
2529
2532
2534
2528
2532
2535
2537
289
300
290
301
291
302
292
303
293
304
294
305
295
306
296
307
297
308
2540
2531
2538
2540
2534
2538
2541
2543
2537
2541
2544
2546
301
312
302
313
303
314
304
315
305
316
306
317
307
318
308
319
309
320
2549
2540
2547
2549
2543
2547
2550
2552
2546
2550
2553
2555
313
324
314
325
315
326
316
327
317
328
318
329
319
330
320
331
321
332
2558
2549
2556
2558
2552
2556
2559
2561
2555
2559
2562
2564
325
336
326
337
327
338
328
339
329
340
330
341
331
342
332
343
333
344
2567
2558
2565
2567
2561
2565
2568
2570
2564
2568
2571
2573
337
348
338
349
339
350
340
351
341
352
342
353
343
354
344
355
345
356
2576
2567
2574
2576
2570
2574
2577
2579
2573
2577
2580
2582
349
360
350
361
351
362
352
363
353
364
354
365
355
366
356
367
357
368
2585
2576
2583
2585
2579
2583
2586
2588
2582
2586
2589
2591
361
372
362
373
363
374
364
375
365
376
366
377
367
378
368
379
369
380
2594
2585
2592
2594
2588
2592
2595
2597
2591
2595
2598
2600
373
384
374
385
375
386
376
387
377
388
378
389
379
390
380
391
381
392
2603
2594
2601
2603
2597
2601
2604
2606
2600
2604
2607
2609
385
396
386
397
387
398
388
399
389
400
390
401
391
402
392
403
393
404
2612
2603
2610
2612
2606
2610
2613
2615
2609
2613
2616
2618
397
408
398
409
399
410
400
411
401
412
402
413
403
414
404
415
405
416
2621
2612
2619
2621
2615
2619
2622
2624
2618
2622
2625
2627
409
420
410
421
411
422
412
423
413
424
414
425
415
426
416
427
417
428
2630
2621
2628
2630
2624
2628
2631
2633
2627
2631
2634
2636
421
432
422
433
423
434
424
435
425
436
426
437
427
438
428
439
429
440
2639
2630
2637
2639
2633
2637
2640
2642
2636
2640
2643
2645
433
444
434
445
435
446
436
447
437
448
438
449
439
450
440
451
441
452
2648
2639
2646
2648
2642
2646
2649
2651
2645
2649
2652
2654
445
456
446
457
447
458
448
459
449
460
450
461
451
462
452
463
453
464
2657
2648
2655
2657
2651
2655
2658
2660
2654
2658
2661
2663
457
468
987
458
469
1077
459
470
1264
460
471
461
472
462
473
463
474
464
475
465
476
2666
2657
2664
2666
2660
2664
2667
2669
2663
2667
2670
2672
987
1145
1146
987
1077
1774
1775
1077
1264
1266
472
482
994
1264
1265
473
483
1083
474
484
475
485
476
486
477
487
2675
2666
2673
2675
2669
2673
2676
2678
2672
2676
2679
2681
990
1079
1652
1654
991
1266
1268
1270
992
994
1354
1355
994
1083
1085
485
493
1001
1083
1084
486
494
1090
487
495
1273
488
496
2684
2675
2682
2684
2678
2682
2685
2687
2681
2685
2688
2690
996
997
1271
1713
1952
1953
998
1085
1087
1782
1783
999
1001
1168
1169
1358
1001
1090
1785
1786
1090
1273
1275
497
502
1008
1273
1274
2693
2684
2691
2693
2687
2691
2694
2696
2690
2694
2697
2699
1004
1092
1656
1658
1005
1275
1277
1279
1006
1008
1375
1376
1008
1280
1282
2693
1280
2696
2700
2702
2699
2700
2703
2705
1010
1011
1283
1727
1959
1960
1012
1282
1285
1962
1963
1013
1288
1290
2702
1288
2705
2706
2708
1015
1290
1291
1293
1730
1017
2708
2709
2711
1019
1659
1661
1020
2711
2712
2714
1022
1662
1664
1023
2714
2715
2717
1025
1665
1667
1026
2717
2718
2720
1028
1668
1670
1029
2720
2721
2723
1031
1671
1673
1033
2723
2724
2726
1035
1036
1309
1311
1399
1754
1112
2726
2727
2729
1674
1676
1039
1114
2730
2732
530
911
2728
2729
2730
2731
1677
1679
1041
1043
2733
2735
530
534
2731
2732
2733
2734
535
915
1680
1682
1045
1047
2736
2738
534
539
2734
2735
2736
2737
535
540
541
919
1683
1685
1049
1051
2739
2741
539
545
2737
2738
2739
2740
540
546
541
547
548
923
1686
1688
1053
1055
2742
2744
545
552
2740
2741
2742
2743
546
553
547
554
548
555
556
927
1689
1691
1057
1059
2745
2747
552
560
2743
2744
2745
2746
553
561
554
562
555
563
556
564
565
931
1692
1694
1061
1063
2748
2750
560
569
2746
2747
2748
2749
561
570
562
571
563
572
564
573
565
574
575
935
1695
1697
1065
1067
2751
2753
569
579
2749
2750
2751
2752
570
580
571
581
572
582
573
583
574
584
575
585
586
939
1698
1700
1069
1071
2754
2756
579
590
2752
2753
2754
2755
580
591
581
592
582
593
583
594
584
595
585
596
586
597
598
943
1701
1703
2411
1073
1074
2757
2759
590
601
2755
2756
2757
2758
591
602
592
603
593
604
594
605
595
606
596
607
597
608
598
609
610
947
1076
2760
2762
2759
2760
2763
2765
602
613
2763
2764
603
614
604
615
605
616
606
617
607
618
608
619
609
620
610
621
622
951
2762
2766
2768
2765
2766
2769
2771
614
625
2769
2770
615
626
616
627
617
628
618
629
619
630
620
631
621
632
622
633
634
955
2768
2772
2774
2771
2772
2775
2777
626
637
2775
2776
627
638
628
639
629
640
630
641
631
642
632
643
633
644
634
645
646
959
2774
2778
2780
2777
2778
2781
2783
638
649
2781
2782
639
650
640
651
641
652
642
653
643
654
644
655
645
656
646
657
658
963
2780
2784
2786
2783
2784
2787
2789
650
661
2787
2788
651
662
652
663
653
664
654
665
655
666
656
667
657
668
658
669
670
967
2786
2790
2792
2789
2790
2793
2795
662
673
2793
2794
663
674
664
675
665
676
666
677
667
678
668
679
669
680
670
681
682
971
2792
2796
2798
2795
2796
2799
2801
674
685
2799
2800
675
686
676
687
677
688
678
689
679
690
680
691
681
692
682
693
694
975
2798
2802
2804
2801
2802
2805
2807
686
697
2805
2806
687
698
688
699
689
700
690
701
691
702
692
703
693
704
694
705
706
979
2804
2808
2810
2807
2808
2811
2813
698
2811
2812
699
700
701
702
703
704
705
706
983
708
711
709
712
710
713
714
712
715
713
716
714
717
718
716
719
717
720
718
721
722
720
723
721
724
722
725
726
724
727
725
728
726
729
730
728
731
729
732
730
733
734
732
735
733
736
734
737
738
736
739
737
740
738
741
742
740
743
741
744
742
745
746
744
747
2814
745
748
2817
746
749
750
2418
2814
2816
2814
2817
2819
750
753
2817
2818
754
2427
2816
2820
2822
2819
2820
2823
2825
754
757
2823
2824
758
2436
2822
2826
2828
2825
2826
2829
2831
758
761
2829
2830
762
2445
2828
2832
2834
2831
2832
2835
2837
762
765
2835
2836
766
2454
2834
2838
2840
2837
2838
2841
2843
766
769
2841
2842
770
2463
2840
2844
2846
2843
2844
2847
2849
770
773
2847
2848
774
2472
2846
2850
2852
2849
2850
2853
2855
774
777
2853
2854
778
2481
2852
2856
2858
2855
2856
2859
2861
778
781
2859
2860
782
2490
2858
2862
2864
2861
2862
2865
2867
782
785
2865
2866
786
2499
2864
2868
2870
2867
2868
2871
2873
786
789
2871
2872
790
2508
2870
2874
2876
2873
2874
2877
2879
790
793
2877
2878
794
2517
2876
2880
2882
2879
2880
2883
2885
794
797
2883
2884
798
2526
2882
2886
2888
2885
2886
2889
2891
798
801
2889
2890
802
2535
2888
2892
2894
2891
2892
2895
2897
802
805
2895
2896
806
2544
2894
2898
2900
2897
2898
2901
2903
806
809
2901
2902
810
2553
2900
2904
2906
2903
2904
2907
2909
810
813
2907
2908
814
2562
2906
2910
2912
2909
2910
2913
2915
814
817
2913
2914
818
2571
2912
2916
2918
2915
2916
2919
2921
818
821
2919
2920
822
2580
2918
2922
2924
2921
2922
2925
2927
822
825
2925
2926
826
2589
2924
2928
2930
2927
2928
2931
2933
826
829
2931
2932
830
2598
2930
2934
2936
2933
2934
2937
2939
830
833
2937
2938
834
2607
2936
2940
2942
2939
2940
2943
2945
834
837
2943
2944
838
2616
2942
2946
2948
2945
2946
2949
2951
838
841
2949
2950
842
2625
2948
2952
2954
2951
2952
2955
2957
842
845
2955
2956
846
2634
2954
2958
2960
2957
2958
2961
2963
846
849
2961
2962
850
2643
2960
2964
2966
2963
2964
2967
2969
850
853
2967
2968
854
2652
2966
2970
2972
2969
2970
2973
2975
854
857
2973
2974
858
2661
2972
2976
2978
2975
2976
2979
2981
858
861
2979
2980
862
2670
2978
2982
2984
2981
2982
2985
2987
862
865
2985
2986
866
2679
2984
2988
2990
2987
2988
2991
2993
866
869
2991
2992
870
2688
2990
2994
2996
2993
2994
2997
2999
870
873
2997
2998
874
2697
2996
3000
3002
2999
3000
3003
3005
874
877
3003
3004
878
3012
2703
3002
3006
3008
3005
3006
3009
3011
878
881
3009
3010
3014
3021
3012
3014
2706
3008
3015
3017
3011
3015
3018
3020
3018
3021
3023
3014
3021
3024
3026
2709
3017
3027
3029
3020
3027
3030
3032
3023
3030
3033
3035
3026
3033
3036
3038
2712
3029
3039
3041
3032
3039
3042
3044
3035
3042
3045
3047
3038
3045
3048
3050
2715
3041
3051
3053
3044
3051
3054
3056
3047
3054
3057
3059
3050
3057
3060
3062
2718
3053
3063
3065
3056
3063
3066
3068
3059
3066
3069
3071
902
3061
3062
3069
3070
2721
3065
3072
3074
3068
3072
3075
3077
902
905
3070
3071
3075
3076
906
2724
3074
3078
3080
905
908
3076
3077
3078
3079
906
909
910
908
911
2727
2728
3079
3080
909
912
910
913
914
912
915
913
916
914
917
918
916
919
917
920
918
921
922
920
923
921
924
922
925
926
924
927
925
928
926
929
930
928
931
929
932
930
933
934
932
935
933
936
934
937
938
936
939
937
940
938
941
942
940
943
941
944
942
945
946
944
947
945
948
946
949
950
948
951
949
952
950
953
954
952
955
953
956
954
957
958
956
959
957
960
958
961
962
960
963
961
964
962
965
966
964
967
965
968
966
969
970
968
971
969
972
970
973
974
972
975
973
976
974
977
978
976
979
977
980
978
981
982
980
983
981
984
982
985
986
984
985
986
1343
1344
990
1079
1342
1344
1350
1704
1706
2410
1348
1350
1078
1149
1151
1156
1157
1265
1268
1269
996
997
1707
1709
1715
1711
1712
998
1085
1710
1712
1271
1354
1356
1709
1713
1715
1479
1480
1829
1830
1084
1358
1360
1003
1717
1364
1365
1004
1092
1363
1365
1371
1718
1720
1369
1371
1091
1172
1174
1179
1180
1274
1277
1278
1010
1011
1721
1723
1729
1725
1726
1012
1282
1724
1726
1283
1375
1377
1723
1727
1729
1511
1512
1860
1861
1281
1285
1286
1380
1381
1015
1290
1381
1732
2004
2005
1730
1732
1019
1733
1018
1289
1291
1292
1020
1194
1195
2711
1734
1736
1021
1097
1098
1023
1197
1198
2714
1737
1739
1024
1100
1101
1026
1200
1201
2717
1740
1742
1027
1103
1104
1029
1203
1204
2720
1743
1745
1030
1106
1107
1033
1206
1207
2723
1746
1748
1035
1036
1749
1751
1034
1109
1110
1112
1210
1211
2726
1751
1752
1754
1399
1749
2026
2027
1039
1114
1214
1216
1041
1043
1220
1222
1040
1115
1116
1214
1041
2732
2733
1116
1117
1222
1045
1047
1225
1227
1044
1118
1119
1220
1045
2735
2736
1119
1120
1227
1049
1051
1230
1232
1048
1121
1122
1225
1049
2738
2739
1122
1123
1232
1053
1055
1235
1237
1052
1124
1125
1230
1053
2741
2742
1125
1126
1237
1057
1059
1240
1242
1056
1127
1128
1235
1057
2744
2745
1128
1129
1242
1061
1063
1245
1247
1060
1130
1131
1240
1061
2747
2748
1131
1132
1247
1065
1067
1250
1252
1064
1133
1134
1245
1065
2750
2751
1134
1135
1252
1069
1071
1255
1257
1068
1136
1137
1250
1069
2753
2754
1137
1138
1257
1073
1074
1260
1262
1072
1139
1140
1255
1073
2756
2757
1140
1141
1262
1075
1142
1143
1260
1076
2759
2760
1143
1144
1078
1151
1266
1775
1776
1652
1774
1776
1147
1148
1777
1779
1151
1422
1423
1652
1653
1776
1150
1154
1423
1817
2111
2112
1084
1085
1360
1087
1712
1162
1356
1427
1429
1088
1360
1167
1359
1491
1783
1784
1161
1166
1782
1784
1836
1091
1174
1275
1786
1787
1656
1785
1787
1170
1171
1788
1790
1174
1435
1436
1656
1657
1787
1173
1177
1436
1848
2128
2129
1185
1377
1440
1442
1098
1195
1294
1295
1197
1447
1448
1196
1793
1795
1101
1198
1297
1298
1200
1450
1451
1199
1796
1798
1104
1201
1300
1301
1203
1453
1454
1202
1799
1801
1107
1204
1303
1304
1206
1456
1457
1205
1802
1804
1110
1207
1306
1307
1210
1459
1460
1209
1805
1807
1113
1309
1310
1114
2729
2730
1216
1310
1311
1116
1218
1312
1313
1549
1117
1219
1313
1314
1554
1119
1223
1315
1316
1560
1120
1224
1316
1317
1565
1122
1228
1318
1319
1571
1123
1229
1319
1320
1576
1125
1233
1321
1322
1582
1126
1234
1322
1323
1587
1128
1238
1324
1325
1593
1129
1239
1325
1326
1598
1131
1243
1327
1328
1604
1132
1244
1328
1329
1609
1134
1248
1330
1331
1615
1135
1249
1331
1332
1620
1137
1253
1333
1334
1626
1138
1254
1334
1335
1631
1140
1258
1336
1337
1637
1141
1259
1337
1338
1642
1143
1263
1339
1340
1648
1144
1340
1341
1146
1345
1346
1343
1809
1810
1342
1779
1808
1810
1342
1464
1777
2161
2162
1153
1270
1468
1812
1813
1152
1811
1813
1814
1811
1812
1154
1814
1816
1158
1468
2170
2171
1817
1160
1818
1820
1157
1159
1469
1470
1821
1354
1708
1709
1270
1472
1474
1269
1821
1823
1825
1163
1480
1832
2183
2184
1710
1829
1831
1166
1832
1167
1359
1486
1488
1168
1358
1833
1835
1836
1838
1491
2201
2202
1169
1366
1367
1833
1364
1840
1841
1363
1790
1839
1841
1363
1496
1788
2213
2214
1176
1279
1500
1843
1844
1175
1842
1844
1845
1842
1843
1177
1845
1847
1181
1500
2222
2223
1848
1183
1849
1851
1180
1182
1501
1502
1852
1375
1722
1723
1279
1504
1506
1278
1852
1854
1856
1186
1287
1512
1864
2235
2236
1724
1860
1862
1187
1863
1864
1287
1865
1867
1286
1380
1868
1870
1379
1872
1192
1293
1521
1877
2250
2251
1379
1873
1193
1875
1877
1293
1875
1878
1880
1195
1292
1878
1879
1384
1385
1881
1883
1198
1526
1527
1387
1388
1884
1886
1201
1529
1530
1390
1391
1887
1889
1204
1532
1533
1393
1394
1890
1892
1207
1535
1536
1396
1397
1209
1893
1894
1896
1211
1539
1540
1309
1753
1754
1216
1311
1897
1899
1215
1901
1218
1546
1547
1551
1217
1545
1547
1901
1902
1545
1546
1897
1902
1549
1551
1222
1552
1554
1223
1557
1558
1562
1904
1906
1552
1556
1557
1560
1562
1227
1563
1565
1228
1568
1569
1573
1909
1911
1563
1567
1568
1571
1573
1232
1574
1576
1233
1579
1580
1584
1914
1916
1574
1578
1579
1582
1584
1237
1585
1587
1238
1590
1591
1595
1919
1921
1585
1589
1590
1593
1595
1242
1596
1598
1243
1601
1602
1606
1924
1926
1596
1600
1601
1604
1606
1247
1607
1609
1248
1612
1613
1617
1929
1931
1607
1611
1612
1615
1617
1252
1618
1620
1253
1623
1624
1628
1934
1936
1618
1622
1623
1626
1628
1257
1629
1631
1258
1634
1635
1639
1939
1941
1629
1633
1634
1637
1639
1262
1640
1642
1263
1645
1646
1650
1944
1946
1640
1644
1645
1648
1650
1265
1266
1268
1347
1420
1948
1269
1270
1823
1472
1429
1950
1951
1428
1432
1949
1951
1274
1275
1277
1368
1433
1955
1278
1279
1854
1504
1281
2692
1282
2702
1285
1726
1442
1957
1958
1441
1445
1956
1958
1286
1870
1963
1964
1865
1962
1964
1289
2701
1290
2708
1291
1381
1292
1293
1521
1878
1295
1385
1659
1660
1447
1966
1967
1446
1965
1967
1298
1388
1662
1663
1450
1969
1970
1449
1968
1970
1301
1391
1665
1666
1453
1972
1973
1452
1971
1973
1304
1394
1668
1669
1456
1975
1976
1455
1974
1976
1307
1397
1671
1672
1459
1978
1979
1458
1977
1979
1310
1311
1899
1313
1401
1674
1675
2030
1314
1402
1675
1676
2035
1316
1403
1677
1678
2038
1317
1404
1678
1679
2043
1319
1405
1680
1681
2046
1320
1406
1681
1682
2051
1322
1407
1683
1684
2054
1323
1408
1684
1685
2059
1325
1409
1686
1687
2062
1326
1410
1687
1688
2067
1328
1411
1689
1690
2070
1329
1412
1690
1691
2075
1331
1413
1692
1693
2078
1332
1414
1693
1694
2083
1334
1415
1695
1696
2086
1335
1416
1696
1697
2091
1337
1417
1698
1699
2094
1338
1418
1699
1700
2099
1340
1419
1701
1702
2102
1341
1702
1703
1343
1464
1810
1344
1774
1346
1704
1705
1347
1809
1705
1706
1808
1948
1349
1462
1654
2157
1350
1461
1465
2154
2160
1464
1352
1467
1474
1980
1473
1475
1981
1983
1355
1356
1711
1429
1710
1477
1707
1986
1988
1359
1835
1360
1486
1485
1834
1991
1993
1366
1716
1717
1833
1991
1992
1364
1496
1841
1365
1785
1367
1718
1719
1368
1840
1719
1720
1839
1955
1370
1494
1658
2209
1371
1493
1497
2206
2212
1496
1373
1499
1506
1994
1505
1507
1995
1997
1376
1377
1725
1442
1724
1509
1721
2000
2002
1872
1873
2003
2005
1381
1868
2003
2004
1383
1525
2006
1384
1734
1735
1880
2006
1385
1879
1735
1736
1528
2007
2009
1388
1527
2007
2008
1738
1739
1531
2010
2012
1391
1530
2010
2011
1741
1742
1534
2013
2015
1394
1533
2013
2014
1744
1745
1537
2016
2018
1397
1536
2016
2017
1747
1748
1538
1752
2020
2022
1899
2024
2025
1544
1898
2023
2025
1549
2030
2032
1554
2033
2035
1560
2038
2040
1565
2041
2043
1571
2046
2048
1576
2049
2051
1582
2054
2056
1587
2057
2059
1593
2062
2064
1598
2065
2067
1604
2070
2072
1609
2073
2075
1615
2078
2080
1620
2081
2083
1626
2086
2088
1631
2089
2091
1637
2094
2096
1642
2097
2099
1648
2102
2104
1808
2107
2109
1426
2110
2112
1423
1425
2110
2111
1811
1462
1654
2113
2115
1653
2113
2114
2116
2117
2117
1428
1431
1831
2121
1429
1430
1951
2118
1432
2118
1481
2119
2121
1839
2124
2126
1439
2127
2129
1436
1438
2127
2128
1842
1494
1658
2130
2132
1657
2130
2131
2133
2134
2134
1441
1444
1862
2138
1442
1443
1958
2135
1445
2135
1513
2136
2138
2139
2141
1448
2139
2140
1526
1794
1795
2142
2144
1451
2142
2143
1529
1797
1798
2145
2147
1454
2145
2146
1532
1800
1801
2148
2150
1457
2148
2149
1535
1803
1804
2151
2153
1460
2151
2152
1539
1806
1807
1463
2154
2155
2157
1465
2159
2160
2158
2160
1468
1813
2164
2166
1474
2169
2171
2164
2172
2173
1470
1476
1818
1819
1471
1708
1477
1707
1819
1820
2181
1473
1823
1474
1822
1983
1980
2171
1822
2178
2180
1821
1824
1825
2178
2179
2181
1483
2182
2184
1480
1482
2182
2183
1782
1831
2185
2187
1830
2185
2186
2188
2189
2189
1488
1492
2191
1487
2192
2194
1487
1835
1488
1834
2194
1490
2191
2202
1491
1784
2195
2197
1492
2200
2202
2195
2203
2204
1495
2206
2207
2209
1497
2211
2212
2210
2212
1500
1844
2216
2218
1506
2221
2223
2216
2224
2225
1502
1508
1849
1850
1503
1722
1509
1721
1850
1851
2233
1505
1854
1506
1853
1997
1994
2223
1853
2230
2232
1852
1855
1856
2230
2231
2233
1515
2234
2236
1512
1514
2234
2235
1962
1862
2237
2239
1861
2237
2238
2240
2241
2241
1865
1866
1870
1964
2244
2245
1869
2243
2245
1869
2247
1868
1871
1872
2003
2247
2248
1522
1731
2252
2254
1730
2252
2253
1524
1732
1873
1874
2005
2256
2257
1731
2255
2257
1880
2258
2260
1527
1881
1882
2263
2264
2262
2264
1530
1884
1885
2266
2267
2265
2267
1533
1887
1888
2269
2270
2268
2270
1536
1890
1891
2272
2273
2271
2273
1541
2274
1540
1894
1895
1541
1753
1752
1895
1896
2274
1544
1898
2275
1545
1897
1900
1901
2275
2276
1546
1547
1548
2279
1551
2277
2279
2032
2282
2283
2281
2283
2277
2281
2282
1555
2285
2286
2290
2284
2286
2033
2284
2285
1556
2288
2290
1557
1904
1905
2288
1558
1559
1905
1906
2293
1562
2291
2293
2040
2296
2297
2295
2297
2291
2295
2296
1566
2299
2300
2304
2298
2300
2041
2298
2299
1567
2302
2304
1568
1909
1910
2302
1569
1570
1910
1911
2307
1573
2305
2307
2048
2310
2311
2309
2311
2305
2309
2310
1577
2313
2314
2318
2312
2314
2049
2312
2313
1578
2316
2318
1579
1914
1915
2316
1580
1581
1915
1916
2321
1584
2319
2321
2056
2324
2325
2323
2325
2319
2323
2324
1588
2327
2328
2332
2326
2328
2057
2326
2327
1589
2330
2332
1590
1919
1920
2330
1591
1592
1920
1921
2335
1595
2333
2335
2064
2338
2339
2337
2339
2333
2337
2338
1599
2341
2342
2346
2340
2342
2065
2340
2341
1600
2344
2346
1601
1924
1925
2344
1602
1603
1925
1926
2349
1606
2347
2349
2072
2352
2353
2351
2353
2347
2351
2352
1610
2355
2356
2360
2354
2356
2073
2354
2355
1611
2358
2360
1612
1929
1930
2358
1613
1614
1930
1931
2363
1617
2361
2363
2080
2366
2367
2365
2367
2361
2365
2366
1621
2369
2370
2374
2368
2370
2081
2368
2369
1622
2372
2374
1623
1934
1935
2372
1624
1625
1935
1936
2377
1628
2375
2377
2088
2380
2381
2379
2381
2375
2379
2380
1632
2383
2384
2388
2382
2384
2089
2382
2383
1633
2386
2388
1634
1939
1940
2386
1635
1636
1940
1941
2391
1639
2389
2391
2096
2394
2395
2393
2395
2389
2393
2394
1643
2397
2398
2402
2396
2398
2097
2396
2397
1644
2400
2402
1645
1944
1945
2400
1646
1647
1945
1946
2405
1650
2403
2405
2104
2408
2409
2407
2409
2403
2407
2408
1706
1948
2410
1653
1654
2113
1720
1955
1657
1658
2130
1660
1736
1661
1966
1965
1663
1739
1664
1969
1968
1666
1742
1667
1972
1971
1669
1745
1670
1975
1974
1672
1748
1673
1978
1977
1675
1755
1676
1756
1678
1757
1679
1758
1681
1759
1682
1760
1684
1761
1685
1762
1687
1763
1688
1764
1690
1765
1691
1766
1693
1767
1694
1768
1696
1769
1697
1770
1699
1771
1700
1772
1702
1773
1703
1705
1706
1708
1986
1709
1711
1829
1712
1714
1985
1715
1984
1987
1986
1717
1990
1718
1719
1720
1722
2000
1723
1725
1860
1726
1728
1999
1729
1998
2001
2000
1731
1732
2252
2257
1734
2006
1735
1736
1738
2009
1739
2008
1741
2012
1742
2011
1744
2015
1745
2014
1747
2018
1748
2017
1750
2019
1751
2021
2020
1753
2020
1754
2030
2035
2038
2043
2046
2051
2054
2059
2062
2067
2070
2075
2078
2083
2086
2091
2094
2099
2102
2411
1775
1776
1778
2106
1779
2105
2108
2107
1781
2115
2114
2116
1783
1784
2197
1786
1787
1789
2123
1790
2122
2125
2124
1792
2132
2131
2133
1794
2141
1795
2140
1881
1797
2144
1798
2143
1884
1800
2147
1801
2146
1887
1803
2150
1804
2149
1890
1806
2153
1807
2152
1894
1809
2107
1810
1812
1813
2166
1815
2166
1816
2165
2175
1819
1825
1820
1826
1822
1823
2178
1825
2177
2181
1828
2187
2186
2188
1830
1831
2185
2190
1834
1835
1991
1837
2197
1838
2196
1840
2124
1841
1843
1844
2218
1846
2218
1847
2217
2227
1850
1856
1851
1857
1853
1854
2230
1856
2229
2233
1859
2239
2238
2240
1861
1862
2237
1867
2242
1866
1867
2246
1869
1870
2245
2247
1872
1874
1876
2260
1877
2259
2261
1879
1880
2260
1882
1883
2263
2262
1885
1886
2266
2265
1888
1889
2269
2268
1891
1892
2272
2271
1896
2274
1895
1896
1898
1899
2025
2275
1901
2279
1904
2288
1905
1906
1907
2293
1909
2302
1910
1911
1912
2307
1914
2316
1915
1916
1917
2321
1919
2330
1920
1921
1922
2335
1924
2344
1925
1926
1927
2349
1929
2358
1930
1931
1932
2363
1934
2372
1935
1936
1937
2377
1939
2386
1940
1941
1942
2391
1944
2400
1945
1946
1947
2405
1950
1954
1951
1953
1953
1985
1954
1957
1961
1958
1960
1960
1999
1961
1963
1964
1966
1967
2139
1969
1970
2142
1972
1973
2145
1975
1976
2148
1978
1979
2151
1983
1982
2180
1983
1985
1987
1988
1990
1993
1992
1992
1993
2192
1997
1996
2232
1997
1999
2001
2002
2004
2005
2008
2264
2009
2011
2267
2012
2014
2270
2015
2017
2273
2018
2026
2021
2022
2024
2028
2025
2027
2027
2028
2032
2283
2031
2032
2034
2036
2035
2284
2040
2297
2039
2040
2042
2044
2043
2298
2048
2311
2047
2048
2050
2052
2051
2312
2056
2325
2055
2056
2058
2060
2059
2326
2064
2339
2063
2064
2066
2068
2067
2340
2072
2353
2071
2072
2074
2076
2075
2354
2080
2367
2079
2080
2082
2084
2083
2368
2088
2381
2087
2088
2090
2092
2091
2382
2096
2395
2095
2096
2098
2100
2099
2396
2104
2409
2103
2104
2106
2161
2108
2109
2111
2117
2112
2175
2114
2115
2155
2117
2121
2120
2187
2121
2123
2213
2125
2126
2128
2134
2129
2227
2131
2132
2207
2134
2138
2137
2239
2138
2140
2141
2143
2144
2146
2147
2149
2150
2152
2153
2157
2156
2157
2159
2163
2160
2162
2162
2163
2165
2168
2166
2167
2168
2172
2170
2174
2171
2173
2173
2174
2177
2180
2179
2179
2180
2183
2189
2184
2190
2186
2187
2189
2194
2193
2194
2196
2199
2197
2198
2199
2203
2201
2205
2202
2204
2204
2205
2209
2208
2209
2211
2215
2212
2214
2214
2215
2217
2220
2218
2219
2220
2224
2222
2226
2223
2225
2225
2226
2229
2232
2231
2231
2232
2235
2241
2236
2242
2238
2239
2241
2244
2245
2246
2248
2250
2254
2251
2253
2261
2253
2254
2256
2257
2259
2260
2263
2264
2266
2267
2269
2270
2272
2273
2276
2278
2280
2279
2281
2282
2283
2285
2286
2287
2290
2289
2290
2292
2294
2293
2295
2296
2297
2299
2300
2301
2304
2303
2304
2306
2308
2307
2309
2310
2311
2313
2314
2315
2318
2317
2318
2320
2322
2321
2323
2324
2325
2327
2328
2329
2332
2331
2332
2334
2336
2335
2337
2338
2339
2341
2342
2343
2346
2345
2346
2348
2350
2349
2351
2352
2353
2355
2356
2357
2360
2359
2360
2362
2364
2363
2365
2366
2367
2369
2370
2371
2374
2373
2374
2376
2378
2377
2379
2380
2381
2383
2384
2385
2388
2387
2388
2390
2392
2391
2393
2394
2395
2397
2398
2399
2402
2401
2402
2404
2406
2405
2407
2408
2409
2413
2414
2417
2421
2416
2417
2420
2424
2419
2420
2427
2816
2422
2423
2426
2430
2425
2426
2429
2433
2428
2429
2436
2822
2431
2432
2435
2439
2434
2435
2438
2442
2437
2438
2445
2828
2440
2441
2444
2448
2443
2444
2447
2451
2446
2447
2454
2834
2449
2450
2453
2457
2452
2453
2456
2460
2455
2456
2463
2840
2458
2459
2462
2466
2461
2462
2465
2469
2464
2465
2472
2846
2467
2468
2471
2475
2470
2471
2474
2478
2473
2474
2481
2852
2476
2477
2480
2484
2479
2480
2483
2487
2482
2483
2490
2858
2485
2486
2489
2493
2488
2489
2492
2496
2491
2492
2499
2864
2494
2495
2498
2502
2497
2498
2501
2505
2500
2501
2508
2870
2503
2504
2507
2511
2506
2507
2510
2514
2509
2510
2517
2876
2512
2513
2516
2520
2515
2516
2519
2523
2518
2519
2526
2882
2521
2522
2525
2529
2524
2525
2528
2532
2527
2528
2535
2888
2530
2531
2534
2538
2533
2534
2537
2541
2536
2537
2544
2894
2539
2540
2543
2547
2542
2543
2546
2550
2545
2546
2553
2900
2548
2549
2552
2556
2551
2552
2555
2559
2554
2555
2562
2906
2557
2558
2561
2565
2560
2561
2564
2568
2563
2564
2571
2912
2566
2567
2570
2574
2569
2570
2573
2577
2572
2573
2580
2918
2575
2576
2579
2583
2578
2579
2582
2586
2581
2582
2589
2924
2584
2585
2588
2592
2587
2588
2591
2595
2590
2591
2598
2930
2593
2594
2597
2601
2596
2597
2600
2604
2599
2600
2607
2936
2602
2603
2606
2610
2605
2606
2609
2613
2608
2609
2616
2942
2611
2612
2615
2619
2614
2615
2618
2622
2617
2618
2625
2948
2620
2621
2624
2628
2623
2624
2627
2631
2626
2627
2634
2954
2629
2630
2633
2637
2632
2633
2636
2640
2635
2636
2643
2960
2638
2639
2642
2646
2641
2642
2645
2649
2644
2645
2652
2966
2647
2648
2651
2655
2650
2651
2654
2658
2653
2654
2661
2972
2656
2657
2660
2664
2659
2660
2663
2667
2662
2663
2670
2978
2665
2666
2669
2673
2668
2669
2672
2676
2671
2672
2679
2984
2674
2675
2678
2682
2677
2678
2681
2685
2680
2681
2688
2990
2683
2684
2687
2691
2686
2687
2690
2694
2689
2690
2697
2996
2692
2693
2696
2695
2696
2699
2700
2698
2699
2703
3002
2701
2702
2705
2704
2705
2706
3008
2707
2708
2709
3017
2710
2711
2712
3029
2713
2714
2715
3041
2716
2717
2718
3053
2719
2720
2721
3065
2722
2723
2724
3074
2725
2726
2727
3080
2728
2729
2731
2732
2734
2735
2737
2738
2740
2741
2743
2744
2746
2747
2749
2750
2752
2753
2755
2756
2758
2759
2763
2761
2762
2765
2766
2764
2765
2769
2767
2768
2771
2772
2770
2771
2775
2773
2774
2777
2778
2776
2777
2781
2779
2780
2783
2784
2782
2783
2787
2785
2786
2789
2790
2788
2789
2793
2791
2792
2795
2796
2794
2795
2799
2797
2798
2801
2802
2800
2801
2805
2803
2804
2807
2808
2806
2807
2811
2809
2810
2813
2812
2813
2815
2816
2819
2820
2818
2819
2823
2821
2822
2825
2826
2824
2825
2829
2827
2828
2831
2832
2830
2831
2835
2833
2834
2837
2838
2836
2837
2841
2839
2840
2843
2844
2842
2843
2847
2845
2846
2849
2850
2848
2849
2853
2851
2852
2855
2856
2854
2855
2859
2857
2858
2861
2862
2860
2861
2865
2863
2864
2867
2868
2866
2867
2871
2869
2870
2873
2874
2872
2873
2877
2875
2876
2879
2880
2878
2879
2883
2881
2882
2885
2886
2884
2885
2889
2887
2888
2891
2892
2890
2891
2895
2893
2894
2897
2898
2896
2897
2901
2899
2900
2903
2904
2902
2903
2907
2905
2906
2909
2910
2908
2909
2913
2911
2912
2915
2916
2914
2915
2919
2917
2918
2921
2922
2920
2921
2925
2923
2924
2927
2928
2926
2927
2931
2929
2930
2933
2934
2932
2933
2937
2935
2936
2939
2940
2938
2939
2943
2941
2942
2945
2946
2944
2945
2949
2947
2948
2951
2952
2950
2951
2955
2953
2954
2957
2958
2956
2957
2961
2959
2960
2963
2964
2962
2963
2967
2965
2966
2969
2970
2968
2969
2973
2971
2972
2975
2976
2974
2975
2979
2977
2978
2981
2982
2980
2981
2985
2983
2984
2987
2988
2986
2987
2991
2989
2990
2993
2994
2992
2993
2997
2995
2996
2999
3000
2998
2999
3003
3001
3002
3005
3006
3004
3005
3009
3007
3008
3011
3015
3010
3011
3018
3013
3014
3024
3016
3017
3020
3027
3019
3020
3023
3030
3022
3023
3026
3033
3025
3026
3036
3028
3029
3032
3039
3031
3032
3035
3042
3034
3035
3038
3045
3037
3038
3048
3040
3041
3044
3051
3043
3044
3047
3054
3046
3047
3050
3057
3049
3050
3060
3052
3053
3056
3063
3055
3056
3059
3066
3058
3059
3062
3069
3061
3062
3064
3065
3068
3072
3067
3068
3071
3075
3070
3071
3073
3074
3077
3078
3076
3077
3079
3080
)


// ************************************************************************* //
