/*--------------------------------*- C++ -*----------------------------------*\
| =========                 |                                                 |
| \\      /  F ield         | OpenFOAM: The Open Source CFD Toolbox           |
|  \\    /   O peration     | Version:  v2012                                 |
|   \\  /    A nd           | Website:  www.openfoam.com                      |
|    \\/     M anipulation  |                                                 |
\*---------------------------------------------------------------------------*/
FoamFile
{
    version     2.0;
    format      ascii;
    class       labelList;
    note        "nPoints:18054  nCells:8800  nFaces:35426  nInternalFaces:17374";
    location    "constant/polyMesh";
    object      neighbour;
}
// * * * * * * * * * * * * * * * * * * * * * * * * * * * * * * * * * * * * * //


17374
(
1
50
2
51
3
52
4
53
5
54
6
55
7
56
8
57
9
58
10
59
11
60
12
61
13
62
14
63
15
64
16
65
17
66
18
67
19
68
20
69
21
70
22
71
23
72
24
73
25
74
26
75
27
76
28
77
29
78
30
79
31
80
32
81
33
82
34
83
35
84
36
85
37
86
38
87
39
88
40
89
41
90
42
91
43
92
44
93
45
94
46
95
47
96
48
97
49
98
99
51
100
52
101
53
102
54
103
55
104
56
105
57
106
58
107
59
108
60
109
61
110
62
111
63
112
64
113
65
114
66
115
67
116
68
117
69
118
70
119
71
120
72
121
73
122
74
123
75
124
76
125
77
126
78
127
79
128
80
129
81
130
82
131
83
132
84
133
85
134
86
135
87
136
88
137
89
138
90
139
91
140
92
141
93
142
94
143
95
144
96
145
97
146
98
147
99
148
149
101
150
102
151
103
152
104
153
105
154
106
155
107
156
108
157
109
158
110
159
111
160
112
161
113
162
114
163
115
164
116
165
117
166
118
167
119
168
120
169
121
170
122
171
123
172
124
173
125
174
126
175
127
176
128
177
129
178
130
179
131
180
132
181
133
182
134
183
135
184
136
185
137
186
138
187
139
188
140
189
141
190
142
191
143
192
144
193
145
194
146
195
147
196
148
197
149
198
199
151
200
152
201
153
202
154
203
155
204
156
205
157
206
158
207
159
208
160
209
161
210
162
211
163
212
164
213
165
214
166
215
167
216
168
217
169
218
170
219
171
220
172
221
173
222
174
223
175
224
176
225
177
226
178
227
179
228
180
229
181
230
182
231
183
232
184
233
185
234
186
235
187
236
188
237
189
238
190
239
191
240
192
241
193
242
194
243
195
244
196
245
197
246
198
247
199
248
249
201
250
202
251
203
252
204
253
205
254
206
255
207
256
208
257
209
258
210
259
211
260
212
261
213
262
214
263
215
264
216
265
217
266
218
267
219
268
220
269
221
270
222
271
223
272
224
273
225
274
226
275
227
276
228
277
229
278
230
279
231
280
232
281
233
282
234
283
235
284
236
285
237
286
238
287
239
288
240
289
241
290
242
291
243
292
244
293
245
294
246
295
247
296
248
297
249
298
299
251
300
252
301
253
302
254
303
255
304
256
305
257
306
258
307
259
308
260
309
261
310
262
311
263
312
264
313
265
314
266
315
267
316
268
317
269
318
270
319
271
320
272
321
273
322
274
323
275
324
276
325
277
326
278
327
279
328
280
329
281
330
282
331
283
332
284
333
285
334
286
335
287
336
288
337
289
338
290
339
291
340
292
341
293
342
294
343
295
344
296
345
297
346
298
347
299
348
349
301
350
302
351
303
352
304
353
305
354
306
355
307
356
308
357
309
358
310
359
311
360
312
361
313
362
314
363
315
364
316
365
317
366
318
367
319
368
320
369
321
370
322
371
323
372
324
373
325
374
326
375
327
376
328
377
329
378
330
379
331
380
332
381
333
382
334
383
335
384
336
385
337
386
338
387
339
388
340
389
341
390
342
391
343
392
344
393
345
394
346
395
347
396
348
397
349
398
399
351
400
352
401
353
402
354
403
355
404
356
405
357
406
358
407
359
408
360
409
361
410
362
411
363
412
364
413
365
414
366
415
367
416
368
417
369
418
370
419
371
420
372
421
373
422
374
423
375
424
376
425
377
426
378
427
379
428
380
429
381
430
382
431
383
432
384
433
385
434
386
435
387
436
388
437
389
438
390
439
391
440
392
441
393
442
394
443
395
444
396
445
397
446
398
447
399
448
449
401
450
402
451
403
452
404
453
405
454
406
455
407
456
408
457
409
458
410
459
411
460
412
461
413
462
414
463
415
464
416
465
417
466
418
467
419
468
420
469
421
470
422
471
423
472
424
473
425
474
426
475
427
476
428
477
429
478
430
479
431
480
432
481
433
482
434
483
435
484
436
485
437
486
438
487
439
488
440
489
441
490
442
491
443
492
444
493
445
494
446
495
447
496
448
497
449
498
499
451
500
452
501
453
502
454
503
455
504
456
505
457
506
458
507
459
508
460
509
461
510
462
511
463
512
464
513
465
514
466
515
467
516
468
517
469
518
470
519
471
520
472
521
473
522
474
523
475
524
476
525
477
526
478
527
479
528
480
529
481
530
482
531
483
532
484
533
485
534
486
535
487
536
488
537
489
538
490
539
491
540
492
541
493
542
494
543
495
544
496
545
497
546
498
547
499
548
549
501
550
502
551
503
552
504
553
505
554
506
555
507
556
508
557
509
558
510
559
511
560
512
561
513
562
514
563
515
564
516
565
517
566
518
567
519
568
520
569
521
570
522
571
523
572
524
573
525
574
526
575
527
576
528
577
529
578
530
579
531
580
532
581
533
582
534
583
535
584
536
585
537
586
538
587
539
588
540
589
541
590
542
591
543
592
544
593
545
594
546
595
547
596
548
597
549
598
599
551
600
552
601
553
602
554
603
555
604
556
605
557
606
558
607
559
608
560
609
561
610
562
611
563
612
564
613
565
614
566
615
567
616
568
617
569
618
570
619
571
620
572
621
573
622
574
623
575
624
576
625
577
626
578
627
579
628
580
629
581
630
582
631
583
632
584
633
585
634
586
635
587
636
588
637
589
638
590
639
591
640
592
641
593
642
594
643
595
644
596
645
597
646
598
647
599
648
649
601
650
602
651
603
652
604
653
605
654
606
655
607
656
608
657
609
658
610
659
611
660
612
661
613
662
614
663
615
664
616
665
617
666
618
667
619
668
620
669
621
670
622
671
623
672
624
673
625
674
626
675
627
676
628
677
629
678
630
679
631
680
632
681
633
682
634
683
635
684
636
685
637
686
638
687
639
688
640
689
641
690
642
691
643
692
644
693
645
694
646
695
647
696
648
697
649
698
699
651
700
652
701
653
702
654
703
655
704
656
705
657
706
658
707
659
708
660
709
661
710
662
711
663
712
664
713
665
714
666
715
667
716
668
717
669
718
670
719
671
720
672
721
673
722
674
723
675
724
676
725
677
726
678
727
679
728
680
729
681
730
682
731
683
732
684
733
685
734
686
735
687
736
688
737
689
738
690
739
691
740
692
741
693
742
694
743
695
744
696
745
697
746
698
747
699
748
749
701
750
702
751
703
752
704
753
705
754
706
755
707
756
708
757
709
758
710
759
711
760
712
761
713
762
714
763
715
764
716
765
717
766
718
767
719
768
720
769
721
770
722
771
723
772
724
773
725
774
726
775
727
776
728
777
729
778
730
779
731
780
732
781
733
782
734
783
735
784
736
785
737
786
738
787
739
788
740
789
741
790
742
791
743
792
744
793
745
794
746
795
747
796
748
797
749
798
799
751
800
752
801
753
802
754
803
755
804
756
805
757
806
758
807
759
808
760
809
761
810
762
811
763
812
764
813
765
814
766
815
767
816
768
817
769
818
770
819
771
820
772
821
773
822
774
823
775
824
776
825
777
826
778
827
779
828
780
829
781
830
782
831
783
832
784
833
785
834
786
835
787
836
788
837
789
838
790
839
791
840
792
841
793
842
794
843
795
844
796
845
797
846
798
847
799
848
849
801
850
802
851
803
852
804
853
805
854
806
855
807
856
808
857
809
858
810
859
811
860
812
861
813
862
814
863
815
864
816
865
817
866
818
867
819
868
820
869
821
870
822
871
823
872
824
873
825
874
826
875
827
876
828
877
829
878
830
879
831
880
832
881
833
882
834
883
835
884
836
885
837
886
838
887
839
888
840
889
841
890
842
891
843
892
844
893
845
894
846
895
847
896
848
897
849
898
899
851
900
852
901
853
902
854
903
855
904
856
905
857
906
858
907
859
908
860
909
861
910
862
911
863
912
864
913
865
914
866
915
867
916
868
917
869
918
870
919
871
920
872
921
873
922
874
923
875
924
876
925
877
926
878
927
879
928
880
929
881
930
882
931
883
932
884
933
885
934
886
935
887
936
888
937
889
938
890
939
891
940
892
941
893
942
894
943
895
944
896
945
897
946
898
947
899
948
949
901
950
902
951
903
952
904
953
905
954
906
955
907
956
908
957
909
958
910
959
911
960
912
961
913
962
914
963
915
964
916
965
917
966
918
967
919
968
920
969
921
970
922
971
923
972
924
973
925
974
926
975
927
976
928
977
929
978
930
979
931
980
932
981
933
982
934
983
935
984
936
985
937
986
938
987
939
988
940
989
941
990
942
991
943
992
944
993
945
994
946
995
947
996
948
997
949
998
999
951
1000
952
1001
953
1002
954
1003
955
1004
956
1005
957
1006
958
1007
959
1008
960
1009
961
1010
962
1011
963
1012
964
1013
965
1014
966
1015
967
1016
968
1017
969
1018
970
1019
971
1020
972
1021
973
1022
974
1023
975
1024
976
1025
977
1026
978
1027
979
1028
980
1029
981
1030
982
1031
983
1032
984
1033
985
1034
986
1035
987
1036
988
1037
989
1038
990
1039
991
1040
992
1041
993
1042
994
1043
995
1044
996
1045
997
1046
998
1047
999
1048
1049
1001
1050
1002
1051
1003
1052
1004
1053
1005
1054
1006
1055
1007
1056
1008
1057
1009
1058
1010
1059
1011
1060
1012
1061
1013
1062
1014
1063
1015
1064
1016
1065
1017
1066
1018
1067
1019
1068
1020
1069
1021
1070
1022
1071
1023
1072
1024
1073
1025
1074
1026
1075
1027
1076
1028
1077
1029
1078
1030
1079
1031
1080
1032
1081
1033
1082
1034
1083
1035
1084
1036
1085
1037
1086
1038
1087
1039
1088
1040
1089
1041
1090
1042
1091
1043
1092
1044
1093
1045
1094
1046
1095
1047
1096
1048
1097
1049
1098
1099
1051
1100
1052
1101
1053
1102
1054
1103
1055
1104
1056
1105
1057
1106
1058
1107
1059
1108
1060
1109
1061
1110
1062
1111
1063
1112
1064
1113
1065
1114
1066
1115
1067
1116
1068
1117
1069
1118
1070
1119
1071
1120
1072
1121
1073
1122
1074
1123
1075
1124
1076
1125
1077
1126
1078
1127
1079
1128
1080
1129
1081
1130
1082
1131
1083
1132
1084
1133
1085
1134
1086
1135
1087
1136
1088
1137
1089
1138
1090
1139
1091
1140
1092
1141
1093
1142
1094
1143
1095
1144
1096
1145
1097
1146
1098
1147
1099
1148
1149
1101
1150
1102
1151
1103
1152
1104
1153
1105
1154
1106
1155
1107
1156
1108
1157
1109
1158
1110
1159
1111
1160
1112
1161
1113
1162
1114
1163
1115
1164
1116
1165
1117
1166
1118
1167
1119
1168
1120
1169
1121
1170
1122
1171
1123
1172
1124
1173
1125
1174
1126
1175
1127
1176
1128
1177
1129
1178
1130
1179
1131
1180
1132
1181
1133
1182
1134
1183
1135
1184
1136
1185
1137
1186
1138
1187
1139
1188
1140
1189
1141
1190
1142
1191
1143
1192
1144
1193
1145
1194
1146
1195
1147
1196
1148
1197
1149
1198
1199
1151
1200
1152
1201
1153
1202
1154
1203
1155
1204
1156
1205
1157
1206
1158
1207
1159
1208
1160
1209
1161
1210
1162
1211
1163
1212
1164
1213
1165
1214
1166
1215
1167
1216
1168
1217
1169
1218
1170
1219
1171
1220
1172
1221
1173
1222
1174
1223
1175
1224
1176
1225
1177
1226
1178
1227
1179
1228
1180
1229
1181
1230
1182
1231
1183
1232
1184
1233
1185
1234
1186
1235
1187
1236
1188
1237
1189
1238
1190
1239
1191
1240
1192
1241
1193
1242
1194
1243
1195
1244
1196
1245
1197
1246
1198
1247
1199
1248
1249
1201
1250
1202
1251
1203
1252
1204
1253
1205
1254
1206
1255
1207
1256
1208
1257
1209
1258
1210
1259
1211
1260
1212
1261
1213
1262
1214
1263
1215
1264
1216
1265
1217
1266
1218
1267
1219
1268
1220
1269
1221
1270
1222
1271
1223
1272
1224
1273
1225
1274
1226
1275
1227
1276
1228
1277
1229
1278
1230
1279
1231
1280
1232
1281
1233
1282
1234
1283
1235
1284
1236
1285
1237
1286
1238
1287
1239
1288
1240
1289
1241
1290
1242
1291
1243
1292
1244
1293
1245
1294
1246
1295
1247
1296
1248
1297
1249
1298
1299
1251
1300
1252
1301
1253
1302
1254
1303
1255
1304
1256
1305
1257
1306
1258
1307
1259
1308
1260
1309
1261
1310
1262
1311
1263
1312
1264
1313
1265
1314
1266
1315
1267
1316
1268
1317
1269
1318
1270
1319
1271
1320
1272
1321
1273
1322
1274
1323
1275
1324
1276
1325
1277
1326
1278
1327
1279
1328
1280
1329
1281
1330
1282
1331
1283
1332
1284
1333
1285
1334
1286
1335
1287
1336
1288
1337
1289
1338
1290
1339
1291
1340
1292
1341
1293
1342
1294
1343
1295
1344
1296
1345
1297
1346
1298
1347
1299
1348
1349
1301
1350
1302
1351
1303
1352
1304
1353
1305
1354
1306
1355
1307
1356
1308
1357
1309
1358
1310
1359
1311
1360
1312
1361
1313
1362
1314
1363
1315
1364
1316
1365
1317
1366
1318
1367
1319
1368
1320
1369
1321
1370
1322
1371
1323
1372
1324
1373
1325
1374
1326
1375
1327
1376
1328
1377
1329
1378
1330
1379
1331
1380
1332
1381
1333
1382
1334
1383
1335
1384
1336
1385
1337
1386
1338
1387
1339
1388
1340
1389
1341
1390
1342
1391
1343
1392
1344
1393
1345
1394
1346
1395
1347
1396
1348
1397
1349
1398
1399
1351
1400
1352
1401
1353
1402
1354
1403
1355
1404
1356
1405
1357
1406
1358
1407
1359
1408
1360
1409
1361
1410
1362
1411
1363
1412
1364
1413
1365
1414
1366
1415
1367
1416
1368
1417
1369
1418
1370
1419
1371
1420
1372
1421
1373
1422
1374
1423
1375
1424
1376
1425
1377
1426
1378
1427
1379
1428
1380
1429
1381
1430
1382
1431
1383
1432
1384
1433
1385
1434
1386
1435
1387
1436
1388
1437
1389
1438
1390
1439
1391
1440
1392
1441
1393
1442
1394
1443
1395
1444
1396
1445
1397
1446
1398
1447
1399
1448
1449
1401
1450
1402
1451
1403
1452
1404
1453
1405
1454
1406
1455
1407
1456
1408
1457
1409
1458
1410
1459
1411
1460
1412
1461
1413
1462
1414
1463
1415
1464
1416
1465
1417
1466
1418
1467
1419
1468
1420
1469
1421
1470
1422
1471
1423
1472
1424
1473
1425
1474
1426
1475
1427
1476
1428
1477
1429
1478
1430
1479
1431
1480
1432
1481
1433
1482
1434
1483
1435
1484
1436
1485
1437
1486
1438
1487
1439
1488
1440
1489
1441
1490
1442
1491
1443
1492
1444
1493
1445
1494
1446
1495
1447
1496
1448
1497
1449
1498
1499
1451
1500
1452
1501
1453
1502
1454
1503
1455
1504
1456
1505
1457
1506
1458
1507
1459
1508
1460
1509
1461
1510
1462
1511
1463
1512
1464
1513
1465
1514
1466
1515
1467
1516
1468
1517
1469
1518
1470
1519
1471
1520
1472
1521
1473
1522
1474
1523
1475
1524
1476
1525
1477
1526
1478
1527
1479
1528
1480
1529
1481
1530
1482
1531
1483
1532
1484
1533
1485
1534
1486
1535
1487
1536
1488
1537
1489
1538
1490
1539
1491
1540
1492
1541
1493
1542
1494
1543
1495
1544
1496
1545
1497
1546
1498
1547
1499
1548
1549
1501
1550
1502
1551
1503
1552
1504
1553
1505
1554
1506
1555
1507
1556
1508
1557
1509
1558
1510
1559
1511
1560
1512
1561
1513
1562
1514
1563
1515
1564
1516
1565
1517
1566
1518
1567
1519
1568
1520
1569
1521
1570
1522
1571
1523
1572
1524
1573
1525
1574
1526
1575
1527
1576
1528
1577
1529
1578
1530
1579
1531
1580
1532
1581
1533
1582
1534
1583
1535
1584
1536
1585
1537
1586
1538
1587
1539
1588
1540
1589
1541
1590
1542
1591
1543
1592
1544
1593
1545
1594
1546
1595
1547
1596
1548
1597
1549
1598
1599
1551
1600
1552
1601
1553
1602
1554
1603
1555
1604
1556
1605
1557
1606
1558
1607
1559
1608
1560
1609
1561
1610
1562
1611
1563
1612
1564
1613
1565
1614
1566
1615
1567
1616
1568
1617
1569
1618
1570
1619
1571
1620
1572
1621
1573
1622
1574
1623
1575
1624
1576
1625
1577
1626
1578
1627
1579
1628
1580
1629
1581
1630
1582
1631
1583
1632
1584
1633
1585
1634
1586
1635
1587
1636
1588
1637
1589
1638
1590
1639
1591
1640
1592
1641
1593
1642
1594
1643
1595
1644
1596
1645
1597
1646
1598
1647
1599
1648
1649
1601
1650
1602
1651
1603
1652
1604
1653
1605
1654
1606
1655
1607
1656
1608
1657
1609
1658
1610
1659
1611
1660
1612
1661
1613
1662
1614
1663
1615
1664
1616
1665
1617
1666
1618
1667
1619
1668
1620
1669
1621
1670
1622
1671
1623
1672
1624
1673
1625
1674
1626
1675
1627
1676
1628
1677
1629
1678
1630
1679
1631
1680
1632
1681
1633
1682
1634
1683
1635
1684
1636
1685
1637
1686
1638
1687
1639
1688
1640
1689
1641
1690
1642
1691
1643
1692
1644
1693
1645
1694
1646
1695
1647
1696
1648
1697
1649
1698
1699
1651
1700
1652
1701
1653
1702
1654
1703
1655
1704
1656
1705
1657
1706
1658
1707
1659
1708
1660
1709
1661
1710
1662
1711
1663
1712
1664
1713
1665
1714
1666
1715
1667
1716
1668
1717
1669
1718
1670
1719
1671
1720
1672
1721
1673
1722
1674
1723
1675
1724
1676
1725
1677
1726
1678
1727
1679
1728
1680
1729
1681
1730
1682
1731
1683
1732
1684
1733
1685
1734
1686
1735
1687
1736
1688
1737
1689
1738
1690
1739
1691
1740
1692
1741
1693
1742
1694
1743
1695
1744
1696
1745
1697
1746
1698
1747
1699
1748
1749
1701
1750
1702
1751
1703
1752
1704
1753
1705
1754
1706
1755
1707
1756
1708
1757
1709
1758
1710
1759
1711
1760
1712
1761
1713
1762
1714
1763
1715
1764
1716
1765
1717
1766
1718
1767
1719
1768
1720
1769
1721
1770
1722
1771
1723
1772
1724
1773
1725
1774
1726
1775
1727
1776
1728
1777
1729
1778
1730
1779
1731
1780
1732
1781
1733
1782
1734
1783
1735
1784
1736
1785
1737
1786
1738
1787
1739
1788
1740
1789
1741
1790
1742
1791
1743
1792
1744
1793
1745
1794
1746
1795
1747
1796
1748
1797
1749
1798
1799
1751
1800
1752
1801
1753
1802
1754
1803
1755
1804
1756
1805
1757
1806
1758
1807
1759
1808
1760
1809
1761
1810
1762
1811
1763
1812
1764
1813
1765
1814
1766
1815
1767
1816
1768
1817
1769
1818
1770
1819
1771
1820
1772
1821
1773
1822
1774
1823
1775
1824
1776
1825
1777
1826
1778
1827
1779
1828
1780
1829
1781
1830
1782
1831
1783
1832
1784
1833
1785
1834
1786
1835
1787
1836
1788
1837
1789
1838
1790
1839
1791
1840
1792
1841
1793
1842
1794
1843
1795
1844
1796
1845
1797
1846
1798
1847
1799
1848
1849
1801
1850
1802
1851
1803
1852
1804
1853
1805
1854
1806
1855
1807
1856
1808
1857
1809
1858
1810
1859
1811
1860
1812
1861
1813
1862
1814
1863
1815
1864
1816
1865
1817
1866
1818
1867
1819
1868
1820
1869
1821
1870
1822
1871
1823
1872
1824
1873
1825
1874
1826
1875
1827
1876
1828
1877
1829
1878
1830
1879
1831
1880
1832
1881
1833
1882
1834
1883
1835
1884
1836
1885
1837
1886
1838
1887
1839
1888
1840
1889
1841
1890
1842
1891
1843
1892
1844
1893
1845
1894
1846
1895
1847
1896
1848
1897
1849
1898
1899
1851
1900
1852
1901
1853
1902
1854
1903
1855
1904
1856
1905
1857
1906
1858
1907
1859
1908
1860
1909
1861
1910
1862
1911
1863
1912
1864
1913
1865
1914
1866
1915
1867
1916
1868
1917
1869
1918
1870
1919
1871
1920
1872
1921
1873
1922
1874
1923
1875
1924
1876
1925
1877
1926
1878
1927
1879
1928
1880
1929
1881
1930
1882
1931
1883
1932
1884
1933
1885
1934
1886
1935
1887
1936
1888
1937
1889
1938
1890
1939
1891
1940
1892
1941
1893
1942
1894
1943
1895
1944
1896
1945
1897
1946
1898
1947
1899
1948
1949
1901
1950
1902
1951
1903
1952
1904
1953
1905
1954
1906
1955
1907
1956
1908
1957
1909
1958
1910
1959
1911
1960
1912
1961
1913
1962
1914
1963
1915
1964
1916
1965
1917
1966
1918
1967
1919
1968
1920
1969
1921
1970
1922
1971
1923
1972
1924
1973
1925
1974
1926
1975
1927
1976
1928
1977
1929
1978
1930
1979
1931
1980
1932
1981
1933
1982
1934
1983
1935
1984
1936
1985
1937
1986
1938
1987
1939
1988
1940
1989
1941
1990
1942
1991
1943
1992
1944
1993
1945
1994
1946
1995
1947
1996
1948
1997
1949
1998
1999
1951
2000
1952
2001
1953
2002
1954
2003
1955
2004
1956
2005
1957
2006
1958
2007
1959
2008
1960
2009
1961
2010
1962
2011
1963
2012
1964
2013
1965
2014
1966
2015
1967
2016
1968
2017
1969
2018
1970
2019
1971
2020
1972
2021
1973
2022
1974
2023
1975
2024
1976
2025
1977
2026
1978
2027
1979
2028
1980
2029
1981
2030
1982
2031
1983
2032
1984
2033
1985
2034
1986
2035
1987
2036
1988
2037
1989
2038
1990
2039
1991
2040
1992
2041
1993
2042
1994
2043
1995
2044
1996
2045
1997
2046
1998
2047
1999
2048
2049
2001
2050
2002
2051
2003
2052
2004
2053
2005
2054
2006
2055
2007
2056
2008
2057
2009
2058
2010
2059
2011
2060
2012
2061
2013
2062
2014
2063
2015
2064
2016
2065
2017
2066
2018
2067
2019
2068
2020
2069
2021
2070
2022
2071
2023
2072
2024
2073
2025
2074
2026
2075
2027
2076
2028
2077
2029
2078
2030
2079
2031
2080
2032
2081
2033
2082
2034
2083
2035
2084
2036
2085
2037
2086
2038
2087
2039
2088
2040
2089
2041
2090
2042
2091
2043
2092
2044
2093
2045
2094
2046
2095
2047
2096
2048
2097
2049
2098
2099
2051
2100
2052
2101
2053
2102
2054
2103
2055
2104
2056
2105
2057
2106
2058
2107
2059
2108
2060
2109
2061
2110
2062
2111
2063
2112
2064
2113
2065
2114
2066
2115
2067
2116
2068
2117
2069
2118
2070
2119
2071
2120
2072
2121
2073
2122
2074
2123
2075
2124
2076
2125
2077
2126
2078
2127
2079
2128
2080
2129
2081
2130
2082
2131
2083
2132
2084
2133
2085
2134
2086
2135
2087
2136
2088
2137
2089
2138
2090
2139
2091
2140
2092
2141
2093
2142
2094
2143
2095
2144
2096
2145
2097
2146
2098
2147
2099
2148
2149
2101
2150
2102
2151
2103
2152
2104
2153
2105
2154
2106
2155
2107
2156
2108
2157
2109
2158
2110
2159
2111
2160
2112
2161
2113
2162
2114
2163
2115
2164
2116
2165
2117
2166
2118
2167
2119
2168
2120
2169
2121
2170
2122
2171
2123
2172
2124
2173
2125
2174
2126
2175
2127
2176
2128
2177
2129
2178
2130
2179
2131
2180
2132
2181
2133
2182
2134
2183
2135
2184
2136
2185
2137
2186
2138
2187
2139
2188
2140
2189
2141
2190
2142
2191
2143
2192
2144
2193
2145
2194
2146
2195
2147
2196
2148
2197
2149
2198
2199
2151
2200
2152
2201
2153
2202
2154
2203
2155
2204
2156
2205
2157
2206
2158
2207
2159
2208
2160
2209
2161
2210
2162
2211
2163
2212
2164
2213
2165
2214
2166
2215
2167
2216
2168
2217
2169
2218
2170
2219
2171
2220
2172
2221
2173
2222
2174
2223
2175
2224
2176
2225
2177
2226
2178
2227
2179
2228
2180
2229
2181
2230
2182
2231
2183
2232
2184
2233
2185
2234
2186
2235
2187
2236
2188
2237
2189
2238
2190
2239
2191
2240
2192
2241
2193
2242
2194
2243
2195
2244
2196
2245
2197
2246
2198
2247
2199
2248
2249
2201
2250
2202
2251
2203
2252
2204
2253
2205
2254
2206
2255
2207
2256
2208
2257
2209
2258
2210
2259
2211
2260
2212
2261
2213
2262
2214
2263
2215
2264
2216
2265
2217
2266
2218
2267
2219
2268
2220
2269
2221
2270
2222
2271
2223
2272
2224
2273
2225
2274
2226
2275
2227
2276
2228
2277
2229
2278
2230
2279
2231
2280
2232
2281
2233
2282
2234
2283
2235
2284
2236
2285
2237
2286
2238
2287
2239
2288
2240
2289
2241
2290
2242
2291
2243
2292
2244
2293
2245
2294
2246
2295
2247
2296
2248
2297
2249
2298
2299
2251
2300
2252
2301
2253
2302
2254
2303
2255
2304
2256
2305
2257
2306
2258
2307
2259
2308
2260
2309
2261
2310
2262
2311
2263
2312
2264
2313
2265
2314
2266
2315
2267
2316
2268
2317
2269
2318
2270
2319
2271
2320
2272
2321
2273
2322
2274
2323
2275
2324
2276
2325
2277
2326
2278
2327
2279
2328
2280
2329
2281
2330
2282
2331
2283
2332
2284
2333
2285
2334
2286
2335
2287
2336
2288
2337
2289
2338
2290
2339
2291
2340
2292
2341
2293
2342
2294
2343
2295
2344
2296
2345
2297
2346
2298
2347
2299
2348
2349
2301
2350
2302
2351
2303
2352
2304
2353
2305
2354
2306
2355
2307
2356
2308
2357
2309
2358
2310
2359
2311
2360
2312
2361
2313
2362
2314
2363
2315
2364
2316
2365
2317
2366
2318
2367
2319
2368
2320
2369
2321
2370
2322
2371
2323
2372
2324
2373
2325
2374
2326
2375
2327
2376
2328
2377
2329
2378
2330
2379
2331
2380
2332
2381
2333
2382
2334
2383
2335
2384
2336
2385
2337
2386
2338
2387
2339
2388
2340
2389
2341
2390
2342
2391
2343
2392
2344
2393
2345
2394
2346
2395
2347
2396
2348
2397
2349
2398
2399
2351
2400
2352
2401
2353
2402
2354
2403
2355
2404
2356
2405
2357
2406
2358
2407
2359
2408
2360
2409
2361
2410
2362
2411
2363
2412
2364
2413
2365
2414
2366
2415
2367
2416
2368
2417
2369
2418
2370
2419
2371
2420
2372
2421
2373
2422
2374
2423
2375
2424
2376
2425
2377
2426
2378
2427
2379
2428
2380
2429
2381
2430
2382
2431
2383
2432
2384
2433
2385
2434
2386
2435
2387
2436
2388
2437
2389
2438
2390
2439
2391
2440
2392
2441
2393
2442
2394
2443
2395
2444
2396
2445
2397
2446
2398
2447
2399
2448
2449
2401
2450
2402
2451
2403
2452
2404
2453
2405
2454
2406
2455
2407
2456
2408
2457
2409
2458
2410
2459
2411
2460
2412
2461
2413
2462
2414
2463
2415
2464
2416
2465
2417
2466
2418
2467
2419
2468
2420
2469
2421
2470
2422
2471
2423
2472
2424
2473
2425
2474
2426
2475
2427
2476
2428
2477
2429
2478
2430
2479
2431
2480
2432
2481
2433
2482
2434
2483
2435
2484
2436
2485
2437
2486
2438
2487
2439
2488
2440
2489
2441
2490
2442
2491
2443
2492
2444
2493
2445
2494
2446
2495
2447
2496
2448
2497
2449
2498
2499
2451
2500
2452
2501
2453
2502
2454
2503
2455
2504
2456
2505
2457
2506
2458
2507
2459
2508
2460
2509
2461
2510
2462
2511
2463
2512
2464
2513
2465
2514
2466
2515
2467
2516
2468
2517
2469
2518
2470
2519
2471
2520
2472
2521
2473
2522
2474
2523
2475
2524
2476
2525
2477
2526
2478
2527
2479
2528
2480
2529
2481
2530
2482
2531
2483
2532
2484
2533
2485
2534
2486
2535
2487
2536
2488
2537
2489
2538
2490
2539
2491
2540
2492
2541
2493
2542
2494
2543
2495
2544
2496
2545
2497
2546
2498
2547
2499
2548
2549
2501
2550
2502
2551
2503
2552
2504
2553
2505
2554
2506
2555
2507
2556
2508
2557
2509
2558
2510
2559
2511
2560
2512
2561
2513
2562
2514
2563
2515
2564
2516
2565
2517
2566
2518
2567
2519
2568
2520
2569
2521
2570
2522
2571
2523
2572
2524
2573
2525
2574
2526
2575
2527
2576
2528
2577
2529
2578
2530
2579
2531
2580
2532
2581
2533
2582
2534
2583
2535
2584
2536
2585
2537
2586
2538
2587
2539
2588
2540
2589
2541
2590
2542
2591
2543
2592
2544
2593
2545
2594
2546
2595
2547
2596
2548
2597
2549
2598
2599
5000
2551
2600
2552
2601
2553
2602
2554
2603
2555
2604
2556
2605
2557
2606
2558
2607
2559
2608
2560
2609
2561
2610
2562
2611
2563
2612
2564
2613
2565
2614
2566
2615
2567
2616
2568
2617
2569
2618
2570
2619
2571
2620
2572
2621
2573
2622
2574
2623
2575
2624
2576
2625
2577
2626
2578
2627
2579
2628
2580
2629
2581
2630
2582
2631
2583
2632
2584
2633
2585
2634
2586
2635
2587
2636
2588
2637
2589
2638
2590
2639
2591
2640
2592
2641
2593
2642
2594
2643
2595
2644
2596
2645
2597
2646
2598
2647
2599
2648
2649
5076
2601
2650
2602
2651
2603
2652
2604
2653
2605
2654
2606
2655
2607
2656
2608
2657
2609
2658
2610
2659
2611
2660
2612
2661
2613
2662
2614
2663
2615
2664
2616
2665
2617
2666
2618
2667
2619
2668
2620
2669
2621
2670
2622
2671
2623
2672
2624
2673
2625
2674
2626
2675
2627
2676
2628
2677
2629
2678
2630
2679
2631
2680
2632
2681
2633
2682
2634
2683
2635
2684
2636
2685
2637
2686
2638
2687
2639
2688
2640
2689
2641
2690
2642
2691
2643
2692
2644
2693
2645
2694
2646
2695
2647
2696
2648
2697
2649
2698
2699
5152
2651
2700
2652
2701
2653
2702
2654
2703
2655
2704
2656
2705
2657
2706
2658
2707
2659
2708
2660
2709
2661
2710
2662
2711
2663
2712
2664
2713
2665
2714
2666
2715
2667
2716
2668
2717
2669
2718
2670
2719
2671
2720
2672
2721
2673
2722
2674
2723
2675
2724
2676
2725
2677
2726
2678
2727
2679
2728
2680
2729
2681
2730
2682
2731
2683
2732
2684
2733
2685
2734
2686
2735
2687
2736
2688
2737
2689
2738
2690
2739
2691
2740
2692
2741
2693
2742
2694
2743
2695
2744
2696
2745
2697
2746
2698
2747
2699
2748
2749
5228
2701
2750
2702
2751
2703
2752
2704
2753
2705
2754
2706
2755
2707
2756
2708
2757
2709
2758
2710
2759
2711
2760
2712
2761
2713
2762
2714
2763
2715
2764
2716
2765
2717
2766
2718
2767
2719
2768
2720
2769
2721
2770
2722
2771
2723
2772
2724
2773
2725
2774
2726
2775
2727
2776
2728
2777
2729
2778
2730
2779
2731
2780
2732
2781
2733
2782
2734
2783
2735
2784
2736
2785
2737
2786
2738
2787
2739
2788
2740
2789
2741
2790
2742
2791
2743
2792
2744
2793
2745
2794
2746
2795
2747
2796
2748
2797
2749
2798
2799
5304
2751
2800
2752
2801
2753
2802
2754
2803
2755
2804
2756
2805
2757
2806
2758
2807
2759
2808
2760
2809
2761
2810
2762
2811
2763
2812
2764
2813
2765
2814
2766
2815
2767
2816
2768
2817
2769
2818
2770
2819
2771
2820
2772
2821
2773
2822
2774
2823
2775
2824
2776
2825
2777
2826
2778
2827
2779
2828
2780
2829
2781
2830
2782
2831
2783
2832
2784
2833
2785
2834
2786
2835
2787
2836
2788
2837
2789
2838
2790
2839
2791
2840
2792
2841
2793
2842
2794
2843
2795
2844
2796
2845
2797
2846
2798
2847
2799
2848
2849
5380
2801
2850
2802
2851
2803
2852
2804
2853
2805
2854
2806
2855
2807
2856
2808
2857
2809
2858
2810
2859
2811
2860
2812
2861
2813
2862
2814
2863
2815
2864
2816
2865
2817
2866
2818
2867
2819
2868
2820
2869
2821
2870
2822
2871
2823
2872
2824
2873
2825
2874
2826
2875
2827
2876
2828
2877
2829
2878
2830
2879
2831
2880
2832
2881
2833
2882
2834
2883
2835
2884
2836
2885
2837
2886
2838
2887
2839
2888
2840
2889
2841
2890
2842
2891
2843
2892
2844
2893
2845
2894
2846
2895
2847
2896
2848
2897
2849
2898
2899
5456
2851
2900
2852
2901
2853
2902
2854
2903
2855
2904
2856
2905
2857
2906
2858
2907
2859
2908
2860
2909
2861
2910
2862
2911
2863
2912
2864
2913
2865
2914
2866
2915
2867
2916
2868
2917
2869
2918
2870
2919
2871
2920
2872
2921
2873
2922
2874
2923
2875
2924
2876
2925
2877
2926
2878
2927
2879
2928
2880
2929
2881
2930
2882
2931
2883
2932
2884
2933
2885
2934
2886
2935
2887
2936
2888
2937
2889
2938
2890
2939
2891
2940
2892
2941
2893
2942
2894
2943
2895
2944
2896
2945
2897
2946
2898
2947
2899
2948
2949
5532
2901
2950
2902
2951
2903
2952
2904
2953
2905
2954
2906
2955
2907
2956
2908
2957
2909
2958
2910
2959
2911
2960
2912
2961
2913
2962
2914
2963
2915
2964
2916
2965
2917
2966
2918
2967
2919
2968
2920
2969
2921
2970
2922
2971
2923
2972
2924
2973
2925
2974
2926
2975
2927
2976
2928
2977
2929
2978
2930
2979
2931
2980
2932
2981
2933
2982
2934
2983
2935
2984
2936
2985
2937
2986
2938
2987
2939
2988
2940
2989
2941
2990
2942
2991
2943
2992
2944
2993
2945
2994
2946
2995
2947
2996
2948
2997
2949
2998
2999
5608
2951
3000
2952
3001
2953
3002
2954
3003
2955
3004
2956
3005
2957
3006
2958
3007
2959
3008
2960
3009
2961
3010
2962
3011
2963
3012
2964
3013
2965
3014
2966
3015
2967
3016
2968
3017
2969
3018
2970
3019
2971
3020
2972
3021
2973
3022
2974
3023
2975
3024
2976
3025
2977
3026
2978
3027
2979
3028
2980
3029
2981
3030
2982
3031
2983
3032
2984
3033
2985
3034
2986
3035
2987
3036
2988
3037
2989
3038
2990
3039
2991
3040
2992
3041
2993
3042
2994
3043
2995
3044
2996
3045
2997
3046
2998
3047
2999
3048
3049
5684
3001
3050
3002
3051
3003
3052
3004
3053
3005
3054
3006
3055
3007
3056
3008
3057
3009
3058
3010
3059
3011
3060
3012
3061
3013
3062
3014
3063
3015
3064
3016
3065
3017
3066
3018
3067
3019
3068
3020
3069
3021
3070
3022
3071
3023
3072
3024
3073
3025
3074
3026
3075
3027
3076
3028
3077
3029
3078
3030
3079
3031
3080
3032
3081
3033
3082
3034
3083
3035
3084
3036
3085
3037
3086
3038
3087
3039
3088
3040
3089
3041
3090
3042
3091
3043
3092
3044
3093
3045
3094
3046
3095
3047
3096
3048
3097
3049
3098
3099
5760
3051
3100
3052
3101
3053
3102
3054
3103
3055
3104
3056
3105
3057
3106
3058
3107
3059
3108
3060
3109
3061
3110
3062
3111
3063
3112
3064
3113
3065
3114
3066
3115
3067
3116
3068
3117
3069
3118
3070
3119
3071
3120
3072
3121
3073
3122
3074
3123
3075
3124
3076
3125
3077
3126
3078
3127
3079
3128
3080
3129
3081
3130
3082
3131
3083
3132
3084
3133
3085
3134
3086
3135
3087
3136
3088
3137
3089
3138
3090
3139
3091
3140
3092
3141
3093
3142
3094
3143
3095
3144
3096
3145
3097
3146
3098
3147
3099
3148
3149
5836
3101
3150
3102
3151
3103
3152
3104
3153
3105
3154
3106
3155
3107
3156
3108
3157
3109
3158
3110
3159
3111
3160
3112
3161
3113
3162
3114
3163
3115
3164
3116
3165
3117
3166
3118
3167
3119
3168
3120
3169
3121
3170
3122
3171
3123
3172
3124
3173
3125
3174
3126
3175
3127
3176
3128
3177
3129
3178
3130
3179
3131
3180
3132
3181
3133
3182
3134
3183
3135
3184
3136
3185
3137
3186
3138
3187
3139
3188
3140
3189
3141
3190
3142
3191
3143
3192
3144
3193
3145
3194
3146
3195
3147
3196
3148
3197
3149
3198
3199
5912
3151
3200
3152
3201
3153
3202
3154
3203
3155
3204
3156
3205
3157
3206
3158
3207
3159
3208
3160
3209
3161
3210
3162
3211
3163
3212
3164
3213
3165
3214
3166
3215
3167
3216
3168
3217
3169
3218
3170
3219
3171
3220
3172
3221
3173
3222
3174
3223
3175
3224
3176
3225
3177
3226
3178
3227
3179
3228
3180
3229
3181
3230
3182
3231
3183
3232
3184
3233
3185
3234
3186
3235
3187
3236
3188
3237
3189
3238
3190
3239
3191
3240
3192
3241
3193
3242
3194
3243
3195
3244
3196
3245
3197
3246
3198
3247
3199
3248
3249
5988
3201
3250
3202
3251
3203
3252
3204
3253
3205
3254
3206
3255
3207
3256
3208
3257
3209
3258
3210
3259
3211
3260
3212
3261
3213
3262
3214
3263
3215
3264
3216
3265
3217
3266
3218
3267
3219
3268
3220
3269
3221
3270
3222
3271
3223
3272
3224
3273
3225
3274
3226
3275
3227
3276
3228
3277
3229
3278
3230
3279
3231
3280
3232
3281
3233
3282
3234
3283
3235
3284
3236
3285
3237
3286
3238
3287
3239
3288
3240
3289
3241
3290
3242
3291
3243
3292
3244
3293
3245
3294
3246
3295
3247
3296
3248
3297
3249
3298
3299
6064
3251
3300
3252
3301
3253
3302
3254
3303
3255
3304
3256
3305
3257
3306
3258
3307
3259
3308
3260
3309
3261
3310
3262
3311
3263
3312
3264
3313
3265
3314
3266
3315
3267
3316
3268
3317
3269
3318
3270
3319
3271
3320
3272
3321
3273
3322
3274
3323
3275
3324
3276
3325
3277
3326
3278
3327
3279
3328
3280
3329
3281
3330
3282
3331
3283
3332
3284
3333
3285
3334
3286
3335
3287
3336
3288
3337
3289
3338
3290
3339
3291
3340
3292
3341
3293
3342
3294
3343
3295
3344
3296
3345
3297
3346
3298
3347
3299
3348
3349
6140
3301
3350
3302
3351
3303
3352
3304
3353
3305
3354
3306
3355
3307
3356
3308
3357
3309
3358
3310
3359
3311
3360
3312
3361
3313
3362
3314
3363
3315
3364
3316
3365
3317
3366
3318
3367
3319
3368
3320
3369
3321
3370
3322
3371
3323
3372
3324
3373
3325
3374
3326
3375
3327
3376
3328
3377
3329
3378
3330
3379
3331
3380
3332
3381
3333
3382
3334
3383
3335
3384
3336
3385
3337
3386
3338
3387
3339
3388
3340
3389
3341
3390
3342
3391
3343
3392
3344
3393
3345
3394
3346
3395
3347
3396
3348
3397
3349
3398
3399
6216
3351
3400
3352
3401
3353
3402
3354
3403
3355
3404
3356
3405
3357
3406
3358
3407
3359
3408
3360
3409
3361
3410
3362
3411
3363
3412
3364
3413
3365
3414
3366
3415
3367
3416
3368
3417
3369
3418
3370
3419
3371
3420
3372
3421
3373
3422
3374
3423
3375
3424
3376
3425
3377
3426
3378
3427
3379
3428
3380
3429
3381
3430
3382
3431
3383
3432
3384
3433
3385
3434
3386
3435
3387
3436
3388
3437
3389
3438
3390
3439
3391
3440
3392
3441
3393
3442
3394
3443
3395
3444
3396
3445
3397
3446
3398
3447
3399
3448
3449
6292
3401
3450
3402
3451
3403
3452
3404
3453
3405
3454
3406
3455
3407
3456
3408
3457
3409
3458
3410
3459
3411
3460
3412
3461
3413
3462
3414
3463
3415
3464
3416
3465
3417
3466
3418
3467
3419
3468
3420
3469
3421
3470
3422
3471
3423
3472
3424
3473
3425
3474
3426
3475
3427
3476
3428
3477
3429
3478
3430
3479
3431
3480
3432
3481
3433
3482
3434
3483
3435
3484
3436
3485
3437
3486
3438
3487
3439
3488
3440
3489
3441
3490
3442
3491
3443
3492
3444
3493
3445
3494
3446
3495
3447
3496
3448
3497
3449
3498
3499
6368
3451
3500
3452
3501
3453
3502
3454
3503
3455
3504
3456
3505
3457
3506
3458
3507
3459
3508
3460
3509
3461
3510
3462
3511
3463
3512
3464
3513
3465
3514
3466
3515
3467
3516
3468
3517
3469
3518
3470
3519
3471
3520
3472
3521
3473
3522
3474
3523
3475
3524
3476
3525
3477
3526
3478
3527
3479
3528
3480
3529
3481
3530
3482
3531
3483
3532
3484
3533
3485
3534
3486
3535
3487
3536
3488
3537
3489
3538
3490
3539
3491
3540
3492
3541
3493
3542
3494
3543
3495
3544
3496
3545
3497
3546
3498
3547
3499
3548
3549
6444
3501
3550
3502
3551
3503
3552
3504
3553
3505
3554
3506
3555
3507
3556
3508
3557
3509
3558
3510
3559
3511
3560
3512
3561
3513
3562
3514
3563
3515
3564
3516
3565
3517
3566
3518
3567
3519
3568
3520
3569
3521
3570
3522
3571
3523
3572
3524
3573
3525
3574
3526
3575
3527
3576
3528
3577
3529
3578
3530
3579
3531
3580
3532
3581
3533
3582
3534
3583
3535
3584
3536
3585
3537
3586
3538
3587
3539
3588
3540
3589
3541
3590
3542
3591
3543
3592
3544
3593
3545
3594
3546
3595
3547
3596
3548
3597
3549
3598
3599
6520
3551
3600
3552
3601
3553
3602
3554
3603
3555
3604
3556
3605
3557
3606
3558
3607
3559
3608
3560
3609
3561
3610
3562
3611
3563
3612
3564
3613
3565
3614
3566
3615
3567
3616
3568
3617
3569
3618
3570
3619
3571
3620
3572
3621
3573
3622
3574
3623
3575
3624
3576
3625
3577
3626
3578
3627
3579
3628
3580
3629
3581
3630
3582
3631
3583
3632
3584
3633
3585
3634
3586
3635
3587
3636
3588
3637
3589
3638
3590
3639
3591
3640
3592
3641
3593
3642
3594
3643
3595
3644
3596
3645
3597
3646
3598
3647
3599
3648
3649
6596
3601
3650
3602
3651
3603
3652
3604
3653
3605
3654
3606
3655
3607
3656
3608
3657
3609
3658
3610
3659
3611
3660
3612
3661
3613
3662
3614
3663
3615
3664
3616
3665
3617
3666
3618
3667
3619
3668
3620
3669
3621
3670
3622
3671
3623
3672
3624
3673
3625
3674
3626
3675
3627
3676
3628
3677
3629
3678
3630
3679
3631
3680
3632
3681
3633
3682
3634
3683
3635
3684
3636
3685
3637
3686
3638
3687
3639
3688
3640
3689
3641
3690
3642
3691
3643
3692
3644
3693
3645
3694
3646
3695
3647
3696
3648
3697
3649
3698
3699
6672
3651
3700
3652
3701
3653
3702
3654
3703
3655
3704
3656
3705
3657
3706
3658
3707
3659
3708
3660
3709
3661
3710
3662
3711
3663
3712
3664
3713
3665
3714
3666
3715
3667
3716
3668
3717
3669
3718
3670
3719
3671
3720
3672
3721
3673
3722
3674
3723
3675
3724
3676
3725
3677
3726
3678
3727
3679
3728
3680
3729
3681
3730
3682
3731
3683
3732
3684
3733
3685
3734
3686
3735
3687
3736
3688
3737
3689
3738
3690
3739
3691
3740
3692
3741
3693
3742
3694
3743
3695
3744
3696
3745
3697
3746
3698
3747
3699
3748
3749
6748
3701
3750
3702
3751
3703
3752
3704
3753
3705
3754
3706
3755
3707
3756
3708
3757
3709
3758
3710
3759
3711
3760
3712
3761
3713
3762
3714
3763
3715
3764
3716
3765
3717
3766
3718
3767
3719
3768
3720
3769
3721
3770
3722
3771
3723
3772
3724
3773
3725
3774
3726
3775
3727
3776
3728
3777
3729
3778
3730
3779
3731
3780
3732
3781
3733
3782
3734
3783
3735
3784
3736
3785
3737
3786
3738
3787
3739
3788
3740
3789
3741
3790
3742
3791
3743
3792
3744
3793
3745
3794
3746
3795
3747
3796
3748
3797
3749
3798
3799
6824
3751
3800
3752
3801
3753
3802
3754
3803
3755
3804
3756
3805
3757
3806
3758
3807
3759
3808
3760
3809
3761
3810
3762
3811
3763
3812
3764
3813
3765
3814
3766
3815
3767
3816
3768
3817
3769
3818
3770
3819
3771
3820
3772
3821
3773
3822
3774
3823
3775
3824
3776
3825
3777
3826
3778
3827
3779
3828
3780
3829
3781
3830
3782
3831
3783
3832
3784
3833
3785
3834
3786
3835
3787
3836
3788
3837
3789
3838
3790
3839
3791
3840
3792
3841
3793
3842
3794
3843
3795
3844
3796
3845
3797
3846
3798
3847
3799
3848
3849
6900
3801
3850
3802
3851
3803
3852
3804
3853
3805
3854
3806
3855
3807
3856
3808
3857
3809
3858
3810
3859
3811
3860
3812
3861
3813
3862
3814
3863
3815
3864
3816
3865
3817
3866
3818
3867
3819
3868
3820
3869
3821
3870
3822
3871
3823
3872
3824
3873
3825
3874
3826
3875
3827
3876
3828
3877
3829
3878
3830
3879
3831
3880
3832
3881
3833
3882
3834
3883
3835
3884
3836
3885
3837
3886
3838
3887
3839
3888
3840
3889
3841
3890
3842
3891
3843
3892
3844
3893
3845
3894
3846
3895
3847
3896
3848
3897
3849
3898
3899
6976
3851
3900
3852
3901
3853
3902
3854
3903
3855
3904
3856
3905
3857
3906
3858
3907
3859
3908
3860
3909
3861
3910
3862
3911
3863
3912
3864
3913
3865
3914
3866
3915
3867
3916
3868
3917
3869
3918
3870
3919
3871
3920
3872
3921
3873
3922
3874
3923
3875
3924
3876
3925
3877
3926
3878
3927
3879
3928
3880
3929
3881
3930
3882
3931
3883
3932
3884
3933
3885
3934
3886
3935
3887
3936
3888
3937
3889
3938
3890
3939
3891
3940
3892
3941
3893
3942
3894
3943
3895
3944
3896
3945
3897
3946
3898
3947
3899
3948
3949
7052
3901
3950
3902
3951
3903
3952
3904
3953
3905
3954
3906
3955
3907
3956
3908
3957
3909
3958
3910
3959
3911
3960
3912
3961
3913
3962
3914
3963
3915
3964
3916
3965
3917
3966
3918
3967
3919
3968
3920
3969
3921
3970
3922
3971
3923
3972
3924
3973
3925
3974
3926
3975
3927
3976
3928
3977
3929
3978
3930
3979
3931
3980
3932
3981
3933
3982
3934
3983
3935
3984
3936
3985
3937
3986
3938
3987
3939
3988
3940
3989
3941
3990
3942
3991
3943
3992
3944
3993
3945
3994
3946
3995
3947
3996
3948
3997
3949
3998
3999
7128
3951
4000
3952
4001
3953
4002
3954
4003
3955
4004
3956
4005
3957
4006
3958
4007
3959
4008
3960
4009
3961
4010
3962
4011
3963
4012
3964
4013
3965
4014
3966
4015
3967
4016
3968
4017
3969
4018
3970
4019
3971
4020
3972
4021
3973
4022
3974
4023
3975
4024
3976
4025
3977
4026
3978
4027
3979
4028
3980
4029
3981
4030
3982
4031
3983
4032
3984
4033
3985
4034
3986
4035
3987
4036
3988
4037
3989
4038
3990
4039
3991
4040
3992
4041
3993
4042
3994
4043
3995
4044
3996
4045
3997
4046
3998
4047
3999
4048
4049
7204
4001
4050
4002
4051
4003
4052
4004
4053
4005
4054
4006
4055
4007
4056
4008
4057
4009
4058
4010
4059
4011
4060
4012
4061
4013
4062
4014
4063
4015
4064
4016
4065
4017
4066
4018
4067
4019
4068
4020
4069
4021
4070
4022
4071
4023
4072
4024
4073
4025
4074
4026
4075
4027
4076
4028
4077
4029
4078
4030
4079
4031
4080
4032
4081
4033
4082
4034
4083
4035
4084
4036
4085
4037
4086
4038
4087
4039
4088
4040
4089
4041
4090
4042
4091
4043
4092
4044
4093
4045
4094
4046
4095
4047
4096
4048
4097
4049
4098
4099
7280
4051
4100
4052
4101
4053
4102
4054
4103
4055
4104
4056
4105
4057
4106
4058
4107
4059
4108
4060
4109
4061
4110
4062
4111
4063
4112
4064
4113
4065
4114
4066
4115
4067
4116
4068
4117
4069
4118
4070
4119
4071
4120
4072
4121
4073
4122
4074
4123
4075
4124
4076
4125
4077
4126
4078
4127
4079
4128
4080
4129
4081
4130
4082
4131
4083
4132
4084
4133
4085
4134
4086
4135
4087
4136
4088
4137
4089
4138
4090
4139
4091
4140
4092
4141
4093
4142
4094
4143
4095
4144
4096
4145
4097
4146
4098
4147
4099
4148
4149
7356
4101
4150
4102
4151
4103
4152
4104
4153
4105
4154
4106
4155
4107
4156
4108
4157
4109
4158
4110
4159
4111
4160
4112
4161
4113
4162
4114
4163
4115
4164
4116
4165
4117
4166
4118
4167
4119
4168
4120
4169
4121
4170
4122
4171
4123
4172
4124
4173
4125
4174
4126
4175
4127
4176
4128
4177
4129
4178
4130
4179
4131
4180
4132
4181
4133
4182
4134
4183
4135
4184
4136
4185
4137
4186
4138
4187
4139
4188
4140
4189
4141
4190
4142
4191
4143
4192
4144
4193
4145
4194
4146
4195
4147
4196
4148
4197
4149
4198
4199
7432
4151
4200
4152
4201
4153
4202
4154
4203
4155
4204
4156
4205
4157
4206
4158
4207
4159
4208
4160
4209
4161
4210
4162
4211
4163
4212
4164
4213
4165
4214
4166
4215
4167
4216
4168
4217
4169
4218
4170
4219
4171
4220
4172
4221
4173
4222
4174
4223
4175
4224
4176
4225
4177
4226
4178
4227
4179
4228
4180
4229
4181
4230
4182
4231
4183
4232
4184
4233
4185
4234
4186
4235
4187
4236
4188
4237
4189
4238
4190
4239
4191
4240
4192
4241
4193
4242
4194
4243
4195
4244
4196
4245
4197
4246
4198
4247
4199
4248
4249
7508
4201
4250
4202
4251
4203
4252
4204
4253
4205
4254
4206
4255
4207
4256
4208
4257
4209
4258
4210
4259
4211
4260
4212
4261
4213
4262
4214
4263
4215
4264
4216
4265
4217
4266
4218
4267
4219
4268
4220
4269
4221
4270
4222
4271
4223
4272
4224
4273
4225
4274
4226
4275
4227
4276
4228
4277
4229
4278
4230
4279
4231
4280
4232
4281
4233
4282
4234
4283
4235
4284
4236
4285
4237
4286
4238
4287
4239
4288
4240
4289
4241
4290
4242
4291
4243
4292
4244
4293
4245
4294
4246
4295
4247
4296
4248
4297
4249
4298
4299
7584
4251
4300
4252
4301
4253
4302
4254
4303
4255
4304
4256
4305
4257
4306
4258
4307
4259
4308
4260
4309
4261
4310
4262
4311
4263
4312
4264
4313
4265
4314
4266
4315
4267
4316
4268
4317
4269
4318
4270
4319
4271
4320
4272
4321
4273
4322
4274
4323
4275
4324
4276
4325
4277
4326
4278
4327
4279
4328
4280
4329
4281
4330
4282
4331
4283
4332
4284
4333
4285
4334
4286
4335
4287
4336
4288
4337
4289
4338
4290
4339
4291
4340
4292
4341
4293
4342
4294
4343
4295
4344
4296
4345
4297
4346
4298
4347
4299
4348
4349
7660
4301
4350
4302
4351
4303
4352
4304
4353
4305
4354
4306
4355
4307
4356
4308
4357
4309
4358
4310
4359
4311
4360
4312
4361
4313
4362
4314
4363
4315
4364
4316
4365
4317
4366
4318
4367
4319
4368
4320
4369
4321
4370
4322
4371
4323
4372
4324
4373
4325
4374
4326
4375
4327
4376
4328
4377
4329
4378
4330
4379
4331
4380
4332
4381
4333
4382
4334
4383
4335
4384
4336
4385
4337
4386
4338
4387
4339
4388
4340
4389
4341
4390
4342
4391
4343
4392
4344
4393
4345
4394
4346
4395
4347
4396
4348
4397
4349
4398
4399
7736
4351
4400
4352
4401
4353
4402
4354
4403
4355
4404
4356
4405
4357
4406
4358
4407
4359
4408
4360
4409
4361
4410
4362
4411
4363
4412
4364
4413
4365
4414
4366
4415
4367
4416
4368
4417
4369
4418
4370
4419
4371
4420
4372
4421
4373
4422
4374
4423
4375
4424
4376
4425
4377
4426
4378
4427
4379
4428
4380
4429
4381
4430
4382
4431
4383
4432
4384
4433
4385
4434
4386
4435
4387
4436
4388
4437
4389
4438
4390
4439
4391
4440
4392
4441
4393
4442
4394
4443
4395
4444
4396
4445
4397
4446
4398
4447
4399
4448
4449
7812
4401
4450
4402
4451
4403
4452
4404
4453
4405
4454
4406
4455
4407
4456
4408
4457
4409
4458
4410
4459
4411
4460
4412
4461
4413
4462
4414
4463
4415
4464
4416
4465
4417
4466
4418
4467
4419
4468
4420
4469
4421
4470
4422
4471
4423
4472
4424
4473
4425
4474
4426
4475
4427
4476
4428
4477
4429
4478
4430
4479
4431
4480
4432
4481
4433
4482
4434
4483
4435
4484
4436
4485
4437
4486
4438
4487
4439
4488
4440
4489
4441
4490
4442
4491
4443
4492
4444
4493
4445
4494
4446
4495
4447
4496
4448
4497
4449
4498
4499
7888
4451
4500
4452
4501
4453
4502
4454
4503
4455
4504
4456
4505
4457
4506
4458
4507
4459
4508
4460
4509
4461
4510
4462
4511
4463
4512
4464
4513
4465
4514
4466
4515
4467
4516
4468
4517
4469
4518
4470
4519
4471
4520
4472
4521
4473
4522
4474
4523
4475
4524
4476
4525
4477
4526
4478
4527
4479
4528
4480
4529
4481
4530
4482
4531
4483
4532
4484
4533
4485
4534
4486
4535
4487
4536
4488
4537
4489
4538
4490
4539
4491
4540
4492
4541
4493
4542
4494
4543
4495
4544
4496
4545
4497
4546
4498
4547
4499
4548
4549
7964
4501
4550
4502
4551
4503
4552
4504
4553
4505
4554
4506
4555
4507
4556
4508
4557
4509
4558
4510
4559
4511
4560
4512
4561
4513
4562
4514
4563
4515
4564
4516
4565
4517
4566
4518
4567
4519
4568
4520
4569
4521
4570
4522
4571
4523
4572
4524
4573
4525
4574
4526
4575
4527
4576
4528
4577
4529
4578
4530
4579
4531
4580
4532
4581
4533
4582
4534
4583
4535
4584
4536
4585
4537
4586
4538
4587
4539
4588
4540
4589
4541
4590
4542
4591
4543
4592
4544
4593
4545
4594
4546
4595
4547
4596
4548
4597
4549
4598
4599
8040
4551
4600
4552
4601
4553
4602
4554
4603
4555
4604
4556
4605
4557
4606
4558
4607
4559
4608
4560
4609
4561
4610
4562
4611
4563
4612
4564
4613
4565
4614
4566
4615
4567
4616
4568
4617
4569
4618
4570
4619
4571
4620
4572
4621
4573
4622
4574
4623
4575
4624
4576
4625
4577
4626
4578
4627
4579
4628
4580
4629
4581
4630
4582
4631
4583
4632
4584
4633
4585
4634
4586
4635
4587
4636
4588
4637
4589
4638
4590
4639
4591
4640
4592
4641
4593
4642
4594
4643
4595
4644
4596
4645
4597
4646
4598
4647
4599
4648
4649
8116
4601
4650
4602
4651
4603
4652
4604
4653
4605
4654
4606
4655
4607
4656
4608
4657
4609
4658
4610
4659
4611
4660
4612
4661
4613
4662
4614
4663
4615
4664
4616
4665
4617
4666
4618
4667
4619
4668
4620
4669
4621
4670
4622
4671
4623
4672
4624
4673
4625
4674
4626
4675
4627
4676
4628
4677
4629
4678
4630
4679
4631
4680
4632
4681
4633
4682
4634
4683
4635
4684
4636
4685
4637
4686
4638
4687
4639
4688
4640
4689
4641
4690
4642
4691
4643
4692
4644
4693
4645
4694
4646
4695
4647
4696
4648
4697
4649
4698
4699
8192
4651
4700
4652
4701
4653
4702
4654
4703
4655
4704
4656
4705
4657
4706
4658
4707
4659
4708
4660
4709
4661
4710
4662
4711
4663
4712
4664
4713
4665
4714
4666
4715
4667
4716
4668
4717
4669
4718
4670
4719
4671
4720
4672
4721
4673
4722
4674
4723
4675
4724
4676
4725
4677
4726
4678
4727
4679
4728
4680
4729
4681
4730
4682
4731
4683
4732
4684
4733
4685
4734
4686
4735
4687
4736
4688
4737
4689
4738
4690
4739
4691
4740
4692
4741
4693
4742
4694
4743
4695
4744
4696
4745
4697
4746
4698
4747
4699
4748
4749
8268
4701
4750
4702
4751
4703
4752
4704
4753
4705
4754
4706
4755
4707
4756
4708
4757
4709
4758
4710
4759
4711
4760
4712
4761
4713
4762
4714
4763
4715
4764
4716
4765
4717
4766
4718
4767
4719
4768
4720
4769
4721
4770
4722
4771
4723
4772
4724
4773
4725
4774
4726
4775
4727
4776
4728
4777
4729
4778
4730
4779
4731
4780
4732
4781
4733
4782
4734
4783
4735
4784
4736
4785
4737
4786
4738
4787
4739
4788
4740
4789
4741
4790
4742
4791
4743
4792
4744
4793
4745
4794
4746
4795
4747
4796
4748
4797
4749
4798
4799
8344
4751
4800
4752
4801
4753
4802
4754
4803
4755
4804
4756
4805
4757
4806
4758
4807
4759
4808
4760
4809
4761
4810
4762
4811
4763
4812
4764
4813
4765
4814
4766
4815
4767
4816
4768
4817
4769
4818
4770
4819
4771
4820
4772
4821
4773
4822
4774
4823
4775
4824
4776
4825
4777
4826
4778
4827
4779
4828
4780
4829
4781
4830
4782
4831
4783
4832
4784
4833
4785
4834
4786
4835
4787
4836
4788
4837
4789
4838
4790
4839
4791
4840
4792
4841
4793
4842
4794
4843
4795
4844
4796
4845
4797
4846
4798
4847
4799
4848
4849
8420
4801
4850
4802
4851
4803
4852
4804
4853
4805
4854
4806
4855
4807
4856
4808
4857
4809
4858
4810
4859
4811
4860
4812
4861
4813
4862
4814
4863
4815
4864
4816
4865
4817
4866
4818
4867
4819
4868
4820
4869
4821
4870
4822
4871
4823
4872
4824
4873
4825
4874
4826
4875
4827
4876
4828
4877
4829
4878
4830
4879
4831
4880
4832
4881
4833
4882
4834
4883
4835
4884
4836
4885
4837
4886
4838
4887
4839
4888
4840
4889
4841
4890
4842
4891
4843
4892
4844
4893
4845
4894
4846
4895
4847
4896
4848
4897
4849
4898
4899
8496
4851
4900
4852
4901
4853
4902
4854
4903
4855
4904
4856
4905
4857
4906
4858
4907
4859
4908
4860
4909
4861
4910
4862
4911
4863
4912
4864
4913
4865
4914
4866
4915
4867
4916
4868
4917
4869
4918
4870
4919
4871
4920
4872
4921
4873
4922
4874
4923
4875
4924
4876
4925
4877
4926
4878
4927
4879
4928
4880
4929
4881
4930
4882
4931
4883
4932
4884
4933
4885
4934
4886
4935
4887
4936
4888
4937
4889
4938
4890
4939
4891
4940
4892
4941
4893
4942
4894
4943
4895
4944
4896
4945
4897
4946
4898
4947
4899
4948
4949
8572
4901
4950
4902
4951
4903
4952
4904
4953
4905
4954
4906
4955
4907
4956
4908
4957
4909
4958
4910
4959
4911
4960
4912
4961
4913
4962
4914
4963
4915
4964
4916
4965
4917
4966
4918
4967
4919
4968
4920
4969
4921
4970
4922
4971
4923
4972
4924
4973
4925
4974
4926
4975
4927
4976
4928
4977
4929
4978
4930
4979
4931
4980
4932
4981
4933
4982
4934
4983
4935
4984
4936
4985
4937
4986
4938
4987
4939
4988
4940
4989
4941
4990
4942
4991
4943
4992
4944
4993
4945
4994
4946
4995
4947
4996
4948
4997
4949
4998
4999
8648
4951
4952
4953
4954
4955
4956
4957
4958
4959
4960
4961
4962
4963
4964
4965
4966
4967
4968
4969
4970
4971
4972
4973
4974
4975
4976
4977
4978
4979
4980
4981
4982
4983
4984
4985
4986
4987
4988
4989
4990
4991
4992
4993
4994
4995
4996
4997
4998
4999
8724
5001
5076
5002
5077
5003
5078
5004
5079
5005
5080
5006
5081
5007
5082
5008
5083
5009
5084
5010
5085
5011
5086
5012
5087
5013
5088
5014
5089
5015
5090
5016
5091
5017
5092
5018
5093
5019
5094
5020
5095
5021
5096
5022
5097
5023
5098
5024
5099
5025
5100
5026
5101
5027
5102
5028
5103
5029
5104
5030
5105
5031
5106
5032
5107
5033
5108
5034
5109
5035
5110
5036
5111
5037
5112
5038
5113
5039
5114
5040
5115
5041
5116
5042
5117
5043
5118
5044
5119
5045
5120
5046
5121
5047
5122
5048
5123
5049
5124
5050
5125
5051
5126
5052
5127
5053
5128
5054
5129
5055
5130
5056
5131
5057
5132
5058
5133
5059
5134
5060
5135
5061
5136
5062
5137
5063
5138
5064
5139
5065
5140
5066
5141
5067
5142
5068
5143
5069
5144
5070
5145
5071
5146
5072
5147
5073
5148
5074
5149
5075
5150
5151
5077
5152
5078
5153
5079
5154
5080
5155
5081
5156
5082
5157
5083
5158
5084
5159
5085
5160
5086
5161
5087
5162
5088
5163
5089
5164
5090
5165
5091
5166
5092
5167
5093
5168
5094
5169
5095
5170
5096
5171
5097
5172
5098
5173
5099
5174
5100
5175
5101
5176
5102
5177
5103
5178
5104
5179
5105
5180
5106
5181
5107
5182
5108
5183
5109
5184
5110
5185
5111
5186
5112
5187
5113
5188
5114
5189
5115
5190
5116
5191
5117
5192
5118
5193
5119
5194
5120
5195
5121
5196
5122
5197
5123
5198
5124
5199
5125
5200
5126
5201
5127
5202
5128
5203
5129
5204
5130
5205
5131
5206
5132
5207
5133
5208
5134
5209
5135
5210
5136
5211
5137
5212
5138
5213
5139
5214
5140
5215
5141
5216
5142
5217
5143
5218
5144
5219
5145
5220
5146
5221
5147
5222
5148
5223
5149
5224
5150
5225
5151
5226
5227
5153
5228
5154
5229
5155
5230
5156
5231
5157
5232
5158
5233
5159
5234
5160
5235
5161
5236
5162
5237
5163
5238
5164
5239
5165
5240
5166
5241
5167
5242
5168
5243
5169
5244
5170
5245
5171
5246
5172
5247
5173
5248
5174
5249
5175
5250
5176
5251
5177
5252
5178
5253
5179
5254
5180
5255
5181
5256
5182
5257
5183
5258
5184
5259
5185
5260
5186
5261
5187
5262
5188
5263
5189
5264
5190
5265
5191
5266
5192
5267
5193
5268
5194
5269
5195
5270
5196
5271
5197
5272
5198
5273
5199
5274
5200
5275
5201
5276
5202
5277
5203
5278
5204
5279
5205
5280
5206
5281
5207
5282
5208
5283
5209
5284
5210
5285
5211
5286
5212
5287
5213
5288
5214
5289
5215
5290
5216
5291
5217
5292
5218
5293
5219
5294
5220
5295
5221
5296
5222
5297
5223
5298
5224
5299
5225
5300
5226
5301
5227
5302
5303
5229
5304
5230
5305
5231
5306
5232
5307
5233
5308
5234
5309
5235
5310
5236
5311
5237
5312
5238
5313
5239
5314
5240
5315
5241
5316
5242
5317
5243
5318
5244
5319
5245
5320
5246
5321
5247
5322
5248
5323
5249
5324
5250
5325
5251
5326
5252
5327
5253
5328
5254
5329
5255
5330
5256
5331
5257
5332
5258
5333
5259
5334
5260
5335
5261
5336
5262
5337
5263
5338
5264
5339
5265
5340
5266
5341
5267
5342
5268
5343
5269
5344
5270
5345
5271
5346
5272
5347
5273
5348
5274
5349
5275
5350
5276
5351
5277
5352
5278
5353
5279
5354
5280
5355
5281
5356
5282
5357
5283
5358
5284
5359
5285
5360
5286
5361
5287
5362
5288
5363
5289
5364
5290
5365
5291
5366
5292
5367
5293
5368
5294
5369
5295
5370
5296
5371
5297
5372
5298
5373
5299
5374
5300
5375
5301
5376
5302
5377
5303
5378
5379
5305
5380
5306
5381
5307
5382
5308
5383
5309
5384
5310
5385
5311
5386
5312
5387
5313
5388
5314
5389
5315
5390
5316
5391
5317
5392
5318
5393
5319
5394
5320
5395
5321
5396
5322
5397
5323
5398
5324
5399
5325
5400
5326
5401
5327
5402
5328
5403
5329
5404
5330
5405
5331
5406
5332
5407
5333
5408
5334
5409
5335
5410
5336
5411
5337
5412
5338
5413
5339
5414
5340
5415
5341
5416
5342
5417
5343
5418
5344
5419
5345
5420
5346
5421
5347
5422
5348
5423
5349
5424
5350
5425
5351
5426
5352
5427
5353
5428
5354
5429
5355
5430
5356
5431
5357
5432
5358
5433
5359
5434
5360
5435
5361
5436
5362
5437
5363
5438
5364
5439
5365
5440
5366
5441
5367
5442
5368
5443
5369
5444
5370
5445
5371
5446
5372
5447
5373
5448
5374
5449
5375
5450
5376
5451
5377
5452
5378
5453
5379
5454
5455
5381
5456
5382
5457
5383
5458
5384
5459
5385
5460
5386
5461
5387
5462
5388
5463
5389
5464
5390
5465
5391
5466
5392
5467
5393
5468
5394
5469
5395
5470
5396
5471
5397
5472
5398
5473
5399
5474
5400
5475
5401
5476
5402
5477
5403
5478
5404
5479
5405
5480
5406
5481
5407
5482
5408
5483
5409
5484
5410
5485
5411
5486
5412
5487
5413
5488
5414
5489
5415
5490
5416
5491
5417
5492
5418
5493
5419
5494
5420
5495
5421
5496
5422
5497
5423
5498
5424
5499
5425
5500
5426
5501
5427
5502
5428
5503
5429
5504
5430
5505
5431
5506
5432
5507
5433
5508
5434
5509
5435
5510
5436
5511
5437
5512
5438
5513
5439
5514
5440
5515
5441
5516
5442
5517
5443
5518
5444
5519
5445
5520
5446
5521
5447
5522
5448
5523
5449
5524
5450
5525
5451
5526
5452
5527
5453
5528
5454
5529
5455
5530
5531
5457
5532
5458
5533
5459
5534
5460
5535
5461
5536
5462
5537
5463
5538
5464
5539
5465
5540
5466
5541
5467
5542
5468
5543
5469
5544
5470
5545
5471
5546
5472
5547
5473
5548
5474
5549
5475
5550
5476
5551
5477
5552
5478
5553
5479
5554
5480
5555
5481
5556
5482
5557
5483
5558
5484
5559
5485
5560
5486
5561
5487
5562
5488
5563
5489
5564
5490
5565
5491
5566
5492
5567
5493
5568
5494
5569
5495
5570
5496
5571
5497
5572
5498
5573
5499
5574
5500
5575
5501
5576
5502
5577
5503
5578
5504
5579
5505
5580
5506
5581
5507
5582
5508
5583
5509
5584
5510
5585
5511
5586
5512
5587
5513
5588
5514
5589
5515
5590
5516
5591
5517
5592
5518
5593
5519
5594
5520
5595
5521
5596
5522
5597
5523
5598
5524
5599
5525
5600
5526
5601
5527
5602
5528
5603
5529
5604
5530
5605
5531
5606
5607
5533
5608
5534
5609
5535
5610
5536
5611
5537
5612
5538
5613
5539
5614
5540
5615
5541
5616
5542
5617
5543
5618
5544
5619
5545
5620
5546
5621
5547
5622
5548
5623
5549
5624
5550
5625
5551
5626
5552
5627
5553
5628
5554
5629
5555
5630
5556
5631
5557
5632
5558
5633
5559
5634
5560
5635
5561
5636
5562
5637
5563
5638
5564
5639
5565
5640
5566
5641
5567
5642
5568
5643
5569
5644
5570
5645
5571
5646
5572
5647
5573
5648
5574
5649
5575
5650
5576
5651
5577
5652
5578
5653
5579
5654
5580
5655
5581
5656
5582
5657
5583
5658
5584
5659
5585
5660
5586
5661
5587
5662
5588
5663
5589
5664
5590
5665
5591
5666
5592
5667
5593
5668
5594
5669
5595
5670
5596
5671
5597
5672
5598
5673
5599
5674
5600
5675
5601
5676
5602
5677
5603
5678
5604
5679
5605
5680
5606
5681
5607
5682
5683
5609
5684
5610
5685
5611
5686
5612
5687
5613
5688
5614
5689
5615
5690
5616
5691
5617
5692
5618
5693
5619
5694
5620
5695
5621
5696
5622
5697
5623
5698
5624
5699
5625
5700
5626
5701
5627
5702
5628
5703
5629
5704
5630
5705
5631
5706
5632
5707
5633
5708
5634
5709
5635
5710
5636
5711
5637
5712
5638
5713
5639
5714
5640
5715
5641
5716
5642
5717
5643
5718
5644
5719
5645
5720
5646
5721
5647
5722
5648
5723
5649
5724
5650
5725
5651
5726
5652
5727
5653
5728
5654
5729
5655
5730
5656
5731
5657
5732
5658
5733
5659
5734
5660
5735
5661
5736
5662
5737
5663
5738
5664
5739
5665
5740
5666
5741
5667
5742
5668
5743
5669
5744
5670
5745
5671
5746
5672
5747
5673
5748
5674
5749
5675
5750
5676
5751
5677
5752
5678
5753
5679
5754
5680
5755
5681
5756
5682
5757
5683
5758
5759
5685
5760
5686
5761
5687
5762
5688
5763
5689
5764
5690
5765
5691
5766
5692
5767
5693
5768
5694
5769
5695
5770
5696
5771
5697
5772
5698
5773
5699
5774
5700
5775
5701
5776
5702
5777
5703
5778
5704
5779
5705
5780
5706
5781
5707
5782
5708
5783
5709
5784
5710
5785
5711
5786
5712
5787
5713
5788
5714
5789
5715
5790
5716
5791
5717
5792
5718
5793
5719
5794
5720
5795
5721
5796
5722
5797
5723
5798
5724
5799
5725
5800
5726
5801
5727
5802
5728
5803
5729
5804
5730
5805
5731
5806
5732
5807
5733
5808
5734
5809
5735
5810
5736
5811
5737
5812
5738
5813
5739
5814
5740
5815
5741
5816
5742
5817
5743
5818
5744
5819
5745
5820
5746
5821
5747
5822
5748
5823
5749
5824
5750
5825
5751
5826
5752
5827
5753
5828
5754
5829
5755
5830
5756
5831
5757
5832
5758
5833
5759
5834
5835
5761
5836
5762
5837
5763
5838
5764
5839
5765
5840
5766
5841
5767
5842
5768
5843
5769
5844
5770
5845
5771
5846
5772
5847
5773
5848
5774
5849
5775
5850
5776
5851
5777
5852
5778
5853
5779
5854
5780
5855
5781
5856
5782
5857
5783
5858
5784
5859
5785
5860
5786
5861
5787
5862
5788
5863
5789
5864
5790
5865
5791
5866
5792
5867
5793
5868
5794
5869
5795
5870
5796
5871
5797
5872
5798
5873
5799
5874
5800
5875
5801
5876
5802
5877
5803
5878
5804
5879
5805
5880
5806
5881
5807
5882
5808
5883
5809
5884
5810
5885
5811
5886
5812
5887
5813
5888
5814
5889
5815
5890
5816
5891
5817
5892
5818
5893
5819
5894
5820
5895
5821
5896
5822
5897
5823
5898
5824
5899
5825
5900
5826
5901
5827
5902
5828
5903
5829
5904
5830
5905
5831
5906
5832
5907
5833
5908
5834
5909
5835
5910
5911
5837
5912
5838
5913
5839
5914
5840
5915
5841
5916
5842
5917
5843
5918
5844
5919
5845
5920
5846
5921
5847
5922
5848
5923
5849
5924
5850
5925
5851
5926
5852
5927
5853
5928
5854
5929
5855
5930
5856
5931
5857
5932
5858
5933
5859
5934
5860
5935
5861
5936
5862
5937
5863
5938
5864
5939
5865
5940
5866
5941
5867
5942
5868
5943
5869
5944
5870
5945
5871
5946
5872
5947
5873
5948
5874
5949
5875
5950
5876
5951
5877
5952
5878
5953
5879
5954
5880
5955
5881
5956
5882
5957
5883
5958
5884
5959
5885
5960
5886
5961
5887
5962
5888
5963
5889
5964
5890
5965
5891
5966
5892
5967
5893
5968
5894
5969
5895
5970
5896
5971
5897
5972
5898
5973
5899
5974
5900
5975
5901
5976
5902
5977
5903
5978
5904
5979
5905
5980
5906
5981
5907
5982
5908
5983
5909
5984
5910
5985
5911
5986
5987
5913
5988
5914
5989
5915
5990
5916
5991
5917
5992
5918
5993
5919
5994
5920
5995
5921
5996
5922
5997
5923
5998
5924
5999
5925
6000
5926
6001
5927
6002
5928
6003
5929
6004
5930
6005
5931
6006
5932
6007
5933
6008
5934
6009
5935
6010
5936
6011
5937
6012
5938
6013
5939
6014
5940
6015
5941
6016
5942
6017
5943
6018
5944
6019
5945
6020
5946
6021
5947
6022
5948
6023
5949
6024
5950
6025
5951
6026
5952
6027
5953
6028
5954
6029
5955
6030
5956
6031
5957
6032
5958
6033
5959
6034
5960
6035
5961
6036
5962
6037
5963
6038
5964
6039
5965
6040
5966
6041
5967
6042
5968
6043
5969
6044
5970
6045
5971
6046
5972
6047
5973
6048
5974
6049
5975
6050
5976
6051
5977
6052
5978
6053
5979
6054
5980
6055
5981
6056
5982
6057
5983
6058
5984
6059
5985
6060
5986
6061
5987
6062
6063
5989
6064
5990
6065
5991
6066
5992
6067
5993
6068
5994
6069
5995
6070
5996
6071
5997
6072
5998
6073
5999
6074
6000
6075
6001
6076
6002
6077
6003
6078
6004
6079
6005
6080
6006
6081
6007
6082
6008
6083
6009
6084
6010
6085
6011
6086
6012
6087
6013
6088
6014
6089
6015
6090
6016
6091
6017
6092
6018
6093
6019
6094
6020
6095
6021
6096
6022
6097
6023
6098
6024
6099
6025
6100
6026
6101
6027
6102
6028
6103
6029
6104
6030
6105
6031
6106
6032
6107
6033
6108
6034
6109
6035
6110
6036
6111
6037
6112
6038
6113
6039
6114
6040
6115
6041
6116
6042
6117
6043
6118
6044
6119
6045
6120
6046
6121
6047
6122
6048
6123
6049
6124
6050
6125
6051
6126
6052
6127
6053
6128
6054
6129
6055
6130
6056
6131
6057
6132
6058
6133
6059
6134
6060
6135
6061
6136
6062
6137
6063
6138
6139
6065
6140
6066
6141
6067
6142
6068
6143
6069
6144
6070
6145
6071
6146
6072
6147
6073
6148
6074
6149
6075
6150
6076
6151
6077
6152
6078
6153
6079
6154
6080
6155
6081
6156
6082
6157
6083
6158
6084
6159
6085
6160
6086
6161
6087
6162
6088
6163
6089
6164
6090
6165
6091
6166
6092
6167
6093
6168
6094
6169
6095
6170
6096
6171
6097
6172
6098
6173
6099
6174
6100
6175
6101
6176
6102
6177
6103
6178
6104
6179
6105
6180
6106
6181
6107
6182
6108
6183
6109
6184
6110
6185
6111
6186
6112
6187
6113
6188
6114
6189
6115
6190
6116
6191
6117
6192
6118
6193
6119
6194
6120
6195
6121
6196
6122
6197
6123
6198
6124
6199
6125
6200
6126
6201
6127
6202
6128
6203
6129
6204
6130
6205
6131
6206
6132
6207
6133
6208
6134
6209
6135
6210
6136
6211
6137
6212
6138
6213
6139
6214
6215
6141
6216
6142
6217
6143
6218
6144
6219
6145
6220
6146
6221
6147
6222
6148
6223
6149
6224
6150
6225
6151
6226
6152
6227
6153
6228
6154
6229
6155
6230
6156
6231
6157
6232
6158
6233
6159
6234
6160
6235
6161
6236
6162
6237
6163
6238
6164
6239
6165
6240
6166
6241
6167
6242
6168
6243
6169
6244
6170
6245
6171
6246
6172
6247
6173
6248
6174
6249
6175
6250
6176
6251
6177
6252
6178
6253
6179
6254
6180
6255
6181
6256
6182
6257
6183
6258
6184
6259
6185
6260
6186
6261
6187
6262
6188
6263
6189
6264
6190
6265
6191
6266
6192
6267
6193
6268
6194
6269
6195
6270
6196
6271
6197
6272
6198
6273
6199
6274
6200
6275
6201
6276
6202
6277
6203
6278
6204
6279
6205
6280
6206
6281
6207
6282
6208
6283
6209
6284
6210
6285
6211
6286
6212
6287
6213
6288
6214
6289
6215
6290
6291
6217
6292
6218
6293
6219
6294
6220
6295
6221
6296
6222
6297
6223
6298
6224
6299
6225
6300
6226
6301
6227
6302
6228
6303
6229
6304
6230
6305
6231
6306
6232
6307
6233
6308
6234
6309
6235
6310
6236
6311
6237
6312
6238
6313
6239
6314
6240
6315
6241
6316
6242
6317
6243
6318
6244
6319
6245
6320
6246
6321
6247
6322
6248
6323
6249
6324
6250
6325
6251
6326
6252
6327
6253
6328
6254
6329
6255
6330
6256
6331
6257
6332
6258
6333
6259
6334
6260
6335
6261
6336
6262
6337
6263
6338
6264
6339
6265
6340
6266
6341
6267
6342
6268
6343
6269
6344
6270
6345
6271
6346
6272
6347
6273
6348
6274
6349
6275
6350
6276
6351
6277
6352
6278
6353
6279
6354
6280
6355
6281
6356
6282
6357
6283
6358
6284
6359
6285
6360
6286
6361
6287
6362
6288
6363
6289
6364
6290
6365
6291
6366
6367
6293
6368
6294
6369
6295
6370
6296
6371
6297
6372
6298
6373
6299
6374
6300
6375
6301
6376
6302
6377
6303
6378
6304
6379
6305
6380
6306
6381
6307
6382
6308
6383
6309
6384
6310
6385
6311
6386
6312
6387
6313
6388
6314
6389
6315
6390
6316
6391
6317
6392
6318
6393
6319
6394
6320
6395
6321
6396
6322
6397
6323
6398
6324
6399
6325
6400
6326
6401
6327
6402
6328
6403
6329
6404
6330
6405
6331
6406
6332
6407
6333
6408
6334
6409
6335
6410
6336
6411
6337
6412
6338
6413
6339
6414
6340
6415
6341
6416
6342
6417
6343
6418
6344
6419
6345
6420
6346
6421
6347
6422
6348
6423
6349
6424
6350
6425
6351
6426
6352
6427
6353
6428
6354
6429
6355
6430
6356
6431
6357
6432
6358
6433
6359
6434
6360
6435
6361
6436
6362
6437
6363
6438
6364
6439
6365
6440
6366
6441
6367
6442
6443
6369
6444
6370
6445
6371
6446
6372
6447
6373
6448
6374
6449
6375
6450
6376
6451
6377
6452
6378
6453
6379
6454
6380
6455
6381
6456
6382
6457
6383
6458
6384
6459
6385
6460
6386
6461
6387
6462
6388
6463
6389
6464
6390
6465
6391
6466
6392
6467
6393
6468
6394
6469
6395
6470
6396
6471
6397
6472
6398
6473
6399
6474
6400
6475
6401
6476
6402
6477
6403
6478
6404
6479
6405
6480
6406
6481
6407
6482
6408
6483
6409
6484
6410
6485
6411
6486
6412
6487
6413
6488
6414
6489
6415
6490
6416
6491
6417
6492
6418
6493
6419
6494
6420
6495
6421
6496
6422
6497
6423
6498
6424
6499
6425
6500
6426
6501
6427
6502
6428
6503
6429
6504
6430
6505
6431
6506
6432
6507
6433
6508
6434
6509
6435
6510
6436
6511
6437
6512
6438
6513
6439
6514
6440
6515
6441
6516
6442
6517
6443
6518
6519
6445
6520
6446
6521
6447
6522
6448
6523
6449
6524
6450
6525
6451
6526
6452
6527
6453
6528
6454
6529
6455
6530
6456
6531
6457
6532
6458
6533
6459
6534
6460
6535
6461
6536
6462
6537
6463
6538
6464
6539
6465
6540
6466
6541
6467
6542
6468
6543
6469
6544
6470
6545
6471
6546
6472
6547
6473
6548
6474
6549
6475
6550
6476
6551
6477
6552
6478
6553
6479
6554
6480
6555
6481
6556
6482
6557
6483
6558
6484
6559
6485
6560
6486
6561
6487
6562
6488
6563
6489
6564
6490
6565
6491
6566
6492
6567
6493
6568
6494
6569
6495
6570
6496
6571
6497
6572
6498
6573
6499
6574
6500
6575
6501
6576
6502
6577
6503
6578
6504
6579
6505
6580
6506
6581
6507
6582
6508
6583
6509
6584
6510
6585
6511
6586
6512
6587
6513
6588
6514
6589
6515
6590
6516
6591
6517
6592
6518
6593
6519
6594
6595
6521
6596
6522
6597
6523
6598
6524
6599
6525
6600
6526
6601
6527
6602
6528
6603
6529
6604
6530
6605
6531
6606
6532
6607
6533
6608
6534
6609
6535
6610
6536
6611
6537
6612
6538
6613
6539
6614
6540
6615
6541
6616
6542
6617
6543
6618
6544
6619
6545
6620
6546
6621
6547
6622
6548
6623
6549
6624
6550
6625
6551
6626
6552
6627
6553
6628
6554
6629
6555
6630
6556
6631
6557
6632
6558
6633
6559
6634
6560
6635
6561
6636
6562
6637
6563
6638
6564
6639
6565
6640
6566
6641
6567
6642
6568
6643
6569
6644
6570
6645
6571
6646
6572
6647
6573
6648
6574
6649
6575
6650
6576
6651
6577
6652
6578
6653
6579
6654
6580
6655
6581
6656
6582
6657
6583
6658
6584
6659
6585
6660
6586
6661
6587
6662
6588
6663
6589
6664
6590
6665
6591
6666
6592
6667
6593
6668
6594
6669
6595
6670
6671
6597
6672
6598
6673
6599
6674
6600
6675
6601
6676
6602
6677
6603
6678
6604
6679
6605
6680
6606
6681
6607
6682
6608
6683
6609
6684
6610
6685
6611
6686
6612
6687
6613
6688
6614
6689
6615
6690
6616
6691
6617
6692
6618
6693
6619
6694
6620
6695
6621
6696
6622
6697
6623
6698
6624
6699
6625
6700
6626
6701
6627
6702
6628
6703
6629
6704
6630
6705
6631
6706
6632
6707
6633
6708
6634
6709
6635
6710
6636
6711
6637
6712
6638
6713
6639
6714
6640
6715
6641
6716
6642
6717
6643
6718
6644
6719
6645
6720
6646
6721
6647
6722
6648
6723
6649
6724
6650
6725
6651
6726
6652
6727
6653
6728
6654
6729
6655
6730
6656
6731
6657
6732
6658
6733
6659
6734
6660
6735
6661
6736
6662
6737
6663
6738
6664
6739
6665
6740
6666
6741
6667
6742
6668
6743
6669
6744
6670
6745
6671
6746
6747
6673
6748
6674
6749
6675
6750
6676
6751
6677
6752
6678
6753
6679
6754
6680
6755
6681
6756
6682
6757
6683
6758
6684
6759
6685
6760
6686
6761
6687
6762
6688
6763
6689
6764
6690
6765
6691
6766
6692
6767
6693
6768
6694
6769
6695
6770
6696
6771
6697
6772
6698
6773
6699
6774
6700
6775
6701
6776
6702
6777
6703
6778
6704
6779
6705
6780
6706
6781
6707
6782
6708
6783
6709
6784
6710
6785
6711
6786
6712
6787
6713
6788
6714
6789
6715
6790
6716
6791
6717
6792
6718
6793
6719
6794
6720
6795
6721
6796
6722
6797
6723
6798
6724
6799
6725
6800
6726
6801
6727
6802
6728
6803
6729
6804
6730
6805
6731
6806
6732
6807
6733
6808
6734
6809
6735
6810
6736
6811
6737
6812
6738
6813
6739
6814
6740
6815
6741
6816
6742
6817
6743
6818
6744
6819
6745
6820
6746
6821
6747
6822
6823
6749
6824
6750
6825
6751
6826
6752
6827
6753
6828
6754
6829
6755
6830
6756
6831
6757
6832
6758
6833
6759
6834
6760
6835
6761
6836
6762
6837
6763
6838
6764
6839
6765
6840
6766
6841
6767
6842
6768
6843
6769
6844
6770
6845
6771
6846
6772
6847
6773
6848
6774
6849
6775
6850
6776
6851
6777
6852
6778
6853
6779
6854
6780
6855
6781
6856
6782
6857
6783
6858
6784
6859
6785
6860
6786
6861
6787
6862
6788
6863
6789
6864
6790
6865
6791
6866
6792
6867
6793
6868
6794
6869
6795
6870
6796
6871
6797
6872
6798
6873
6799
6874
6800
6875
6801
6876
6802
6877
6803
6878
6804
6879
6805
6880
6806
6881
6807
6882
6808
6883
6809
6884
6810
6885
6811
6886
6812
6887
6813
6888
6814
6889
6815
6890
6816
6891
6817
6892
6818
6893
6819
6894
6820
6895
6821
6896
6822
6897
6823
6898
6899
6825
6900
6826
6901
6827
6902
6828
6903
6829
6904
6830
6905
6831
6906
6832
6907
6833
6908
6834
6909
6835
6910
6836
6911
6837
6912
6838
6913
6839
6914
6840
6915
6841
6916
6842
6917
6843
6918
6844
6919
6845
6920
6846
6921
6847
6922
6848
6923
6849
6924
6850
6925
6851
6926
6852
6927
6853
6928
6854
6929
6855
6930
6856
6931
6857
6932
6858
6933
6859
6934
6860
6935
6861
6936
6862
6937
6863
6938
6864
6939
6865
6940
6866
6941
6867
6942
6868
6943
6869
6944
6870
6945
6871
6946
6872
6947
6873
6948
6874
6949
6875
6950
6876
6951
6877
6952
6878
6953
6879
6954
6880
6955
6881
6956
6882
6957
6883
6958
6884
6959
6885
6960
6886
6961
6887
6962
6888
6963
6889
6964
6890
6965
6891
6966
6892
6967
6893
6968
6894
6969
6895
6970
6896
6971
6897
6972
6898
6973
6899
6974
6975
6901
6976
6902
6977
6903
6978
6904
6979
6905
6980
6906
6981
6907
6982
6908
6983
6909
6984
6910
6985
6911
6986
6912
6987
6913
6988
6914
6989
6915
6990
6916
6991
6917
6992
6918
6993
6919
6994
6920
6995
6921
6996
6922
6997
6923
6998
6924
6999
6925
7000
6926
7001
6927
7002
6928
7003
6929
7004
6930
7005
6931
7006
6932
7007
6933
7008
6934
7009
6935
7010
6936
7011
6937
7012
6938
7013
6939
7014
6940
7015
6941
7016
6942
7017
6943
7018
6944
7019
6945
7020
6946
7021
6947
7022
6948
7023
6949
7024
6950
7025
6951
7026
6952
7027
6953
7028
6954
7029
6955
7030
6956
7031
6957
7032
6958
7033
6959
7034
6960
7035
6961
7036
6962
7037
6963
7038
6964
7039
6965
7040
6966
7041
6967
7042
6968
7043
6969
7044
6970
7045
6971
7046
6972
7047
6973
7048
6974
7049
6975
7050
7051
6977
7052
6978
7053
6979
7054
6980
7055
6981
7056
6982
7057
6983
7058
6984
7059
6985
7060
6986
7061
6987
7062
6988
7063
6989
7064
6990
7065
6991
7066
6992
7067
6993
7068
6994
7069
6995
7070
6996
7071
6997
7072
6998
7073
6999
7074
7000
7075
7001
7076
7002
7077
7003
7078
7004
7079
7005
7080
7006
7081
7007
7082
7008
7083
7009
7084
7010
7085
7011
7086
7012
7087
7013
7088
7014
7089
7015
7090
7016
7091
7017
7092
7018
7093
7019
7094
7020
7095
7021
7096
7022
7097
7023
7098
7024
7099
7025
7100
7026
7101
7027
7102
7028
7103
7029
7104
7030
7105
7031
7106
7032
7107
7033
7108
7034
7109
7035
7110
7036
7111
7037
7112
7038
7113
7039
7114
7040
7115
7041
7116
7042
7117
7043
7118
7044
7119
7045
7120
7046
7121
7047
7122
7048
7123
7049
7124
7050
7125
7051
7126
7127
7053
7128
7054
7129
7055
7130
7056
7131
7057
7132
7058
7133
7059
7134
7060
7135
7061
7136
7062
7137
7063
7138
7064
7139
7065
7140
7066
7141
7067
7142
7068
7143
7069
7144
7070
7145
7071
7146
7072
7147
7073
7148
7074
7149
7075
7150
7076
7151
7077
7152
7078
7153
7079
7154
7080
7155
7081
7156
7082
7157
7083
7158
7084
7159
7085
7160
7086
7161
7087
7162
7088
7163
7089
7164
7090
7165
7091
7166
7092
7167
7093
7168
7094
7169
7095
7170
7096
7171
7097
7172
7098
7173
7099
7174
7100
7175
7101
7176
7102
7177
7103
7178
7104
7179
7105
7180
7106
7181
7107
7182
7108
7183
7109
7184
7110
7185
7111
7186
7112
7187
7113
7188
7114
7189
7115
7190
7116
7191
7117
7192
7118
7193
7119
7194
7120
7195
7121
7196
7122
7197
7123
7198
7124
7199
7125
7200
7126
7201
7127
7202
7203
7129
7204
7130
7205
7131
7206
7132
7207
7133
7208
7134
7209
7135
7210
7136
7211
7137
7212
7138
7213
7139
7214
7140
7215
7141
7216
7142
7217
7143
7218
7144
7219
7145
7220
7146
7221
7147
7222
7148
7223
7149
7224
7150
7225
7151
7226
7152
7227
7153
7228
7154
7229
7155
7230
7156
7231
7157
7232
7158
7233
7159
7234
7160
7235
7161
7236
7162
7237
7163
7238
7164
7239
7165
7240
7166
7241
7167
7242
7168
7243
7169
7244
7170
7245
7171
7246
7172
7247
7173
7248
7174
7249
7175
7250
7176
7251
7177
7252
7178
7253
7179
7254
7180
7255
7181
7256
7182
7257
7183
7258
7184
7259
7185
7260
7186
7261
7187
7262
7188
7263
7189
7264
7190
7265
7191
7266
7192
7267
7193
7268
7194
7269
7195
7270
7196
7271
7197
7272
7198
7273
7199
7274
7200
7275
7201
7276
7202
7277
7203
7278
7279
7205
7280
7206
7281
7207
7282
7208
7283
7209
7284
7210
7285
7211
7286
7212
7287
7213
7288
7214
7289
7215
7290
7216
7291
7217
7292
7218
7293
7219
7294
7220
7295
7221
7296
7222
7297
7223
7298
7224
7299
7225
7300
7226
7301
7227
7302
7228
7303
7229
7304
7230
7305
7231
7306
7232
7307
7233
7308
7234
7309
7235
7310
7236
7311
7237
7312
7238
7313
7239
7314
7240
7315
7241
7316
7242
7317
7243
7318
7244
7319
7245
7320
7246
7321
7247
7322
7248
7323
7249
7324
7250
7325
7251
7326
7252
7327
7253
7328
7254
7329
7255
7330
7256
7331
7257
7332
7258
7333
7259
7334
7260
7335
7261
7336
7262
7337
7263
7338
7264
7339
7265
7340
7266
7341
7267
7342
7268
7343
7269
7344
7270
7345
7271
7346
7272
7347
7273
7348
7274
7349
7275
7350
7276
7351
7277
7352
7278
7353
7279
7354
7355
7281
7356
7282
7357
7283
7358
7284
7359
7285
7360
7286
7361
7287
7362
7288
7363
7289
7364
7290
7365
7291
7366
7292
7367
7293
7368
7294
7369
7295
7370
7296
7371
7297
7372
7298
7373
7299
7374
7300
7375
7301
7376
7302
7377
7303
7378
7304
7379
7305
7380
7306
7381
7307
7382
7308
7383
7309
7384
7310
7385
7311
7386
7312
7387
7313
7388
7314
7389
7315
7390
7316
7391
7317
7392
7318
7393
7319
7394
7320
7395
7321
7396
7322
7397
7323
7398
7324
7399
7325
7400
7326
7401
7327
7402
7328
7403
7329
7404
7330
7405
7331
7406
7332
7407
7333
7408
7334
7409
7335
7410
7336
7411
7337
7412
7338
7413
7339
7414
7340
7415
7341
7416
7342
7417
7343
7418
7344
7419
7345
7420
7346
7421
7347
7422
7348
7423
7349
7424
7350
7425
7351
7426
7352
7427
7353
7428
7354
7429
7355
7430
7431
7357
7432
7358
7433
7359
7434
7360
7435
7361
7436
7362
7437
7363
7438
7364
7439
7365
7440
7366
7441
7367
7442
7368
7443
7369
7444
7370
7445
7371
7446
7372
7447
7373
7448
7374
7449
7375
7450
7376
7451
7377
7452
7378
7453
7379
7454
7380
7455
7381
7456
7382
7457
7383
7458
7384
7459
7385
7460
7386
7461
7387
7462
7388
7463
7389
7464
7390
7465
7391
7466
7392
7467
7393
7468
7394
7469
7395
7470
7396
7471
7397
7472
7398
7473
7399
7474
7400
7475
7401
7476
7402
7477
7403
7478
7404
7479
7405
7480
7406
7481
7407
7482
7408
7483
7409
7484
7410
7485
7411
7486
7412
7487
7413
7488
7414
7489
7415
7490
7416
7491
7417
7492
7418
7493
7419
7494
7420
7495
7421
7496
7422
7497
7423
7498
7424
7499
7425
7500
7426
7501
7427
7502
7428
7503
7429
7504
7430
7505
7431
7506
7507
7433
7508
7434
7509
7435
7510
7436
7511
7437
7512
7438
7513
7439
7514
7440
7515
7441
7516
7442
7517
7443
7518
7444
7519
7445
7520
7446
7521
7447
7522
7448
7523
7449
7524
7450
7525
7451
7526
7452
7527
7453
7528
7454
7529
7455
7530
7456
7531
7457
7532
7458
7533
7459
7534
7460
7535
7461
7536
7462
7537
7463
7538
7464
7539
7465
7540
7466
7541
7467
7542
7468
7543
7469
7544
7470
7545
7471
7546
7472
7547
7473
7548
7474
7549
7475
7550
7476
7551
7477
7552
7478
7553
7479
7554
7480
7555
7481
7556
7482
7557
7483
7558
7484
7559
7485
7560
7486
7561
7487
7562
7488
7563
7489
7564
7490
7565
7491
7566
7492
7567
7493
7568
7494
7569
7495
7570
7496
7571
7497
7572
7498
7573
7499
7574
7500
7575
7501
7576
7502
7577
7503
7578
7504
7579
7505
7580
7506
7581
7507
7582
7583
7509
7584
7510
7585
7511
7586
7512
7587
7513
7588
7514
7589
7515
7590
7516
7591
7517
7592
7518
7593
7519
7594
7520
7595
7521
7596
7522
7597
7523
7598
7524
7599
7525
7600
7526
7601
7527
7602
7528
7603
7529
7604
7530
7605
7531
7606
7532
7607
7533
7608
7534
7609
7535
7610
7536
7611
7537
7612
7538
7613
7539
7614
7540
7615
7541
7616
7542
7617
7543
7618
7544
7619
7545
7620
7546
7621
7547
7622
7548
7623
7549
7624
7550
7625
7551
7626
7552
7627
7553
7628
7554
7629
7555
7630
7556
7631
7557
7632
7558
7633
7559
7634
7560
7635
7561
7636
7562
7637
7563
7638
7564
7639
7565
7640
7566
7641
7567
7642
7568
7643
7569
7644
7570
7645
7571
7646
7572
7647
7573
7648
7574
7649
7575
7650
7576
7651
7577
7652
7578
7653
7579
7654
7580
7655
7581
7656
7582
7657
7583
7658
7659
7585
7660
7586
7661
7587
7662
7588
7663
7589
7664
7590
7665
7591
7666
7592
7667
7593
7668
7594
7669
7595
7670
7596
7671
7597
7672
7598
7673
7599
7674
7600
7675
7601
7676
7602
7677
7603
7678
7604
7679
7605
7680
7606
7681
7607
7682
7608
7683
7609
7684
7610
7685
7611
7686
7612
7687
7613
7688
7614
7689
7615
7690
7616
7691
7617
7692
7618
7693
7619
7694
7620
7695
7621
7696
7622
7697
7623
7698
7624
7699
7625
7700
7626
7701
7627
7702
7628
7703
7629
7704
7630
7705
7631
7706
7632
7707
7633
7708
7634
7709
7635
7710
7636
7711
7637
7712
7638
7713
7639
7714
7640
7715
7641
7716
7642
7717
7643
7718
7644
7719
7645
7720
7646
7721
7647
7722
7648
7723
7649
7724
7650
7725
7651
7726
7652
7727
7653
7728
7654
7729
7655
7730
7656
7731
7657
7732
7658
7733
7659
7734
7735
7661
7736
7662
7737
7663
7738
7664
7739
7665
7740
7666
7741
7667
7742
7668
7743
7669
7744
7670
7745
7671
7746
7672
7747
7673
7748
7674
7749
7675
7750
7676
7751
7677
7752
7678
7753
7679
7754
7680
7755
7681
7756
7682
7757
7683
7758
7684
7759
7685
7760
7686
7761
7687
7762
7688
7763
7689
7764
7690
7765
7691
7766
7692
7767
7693
7768
7694
7769
7695
7770
7696
7771
7697
7772
7698
7773
7699
7774
7700
7775
7701
7776
7702
7777
7703
7778
7704
7779
7705
7780
7706
7781
7707
7782
7708
7783
7709
7784
7710
7785
7711
7786
7712
7787
7713
7788
7714
7789
7715
7790
7716
7791
7717
7792
7718
7793
7719
7794
7720
7795
7721
7796
7722
7797
7723
7798
7724
7799
7725
7800
7726
7801
7727
7802
7728
7803
7729
7804
7730
7805
7731
7806
7732
7807
7733
7808
7734
7809
7735
7810
7811
7737
7812
7738
7813
7739
7814
7740
7815
7741
7816
7742
7817
7743
7818
7744
7819
7745
7820
7746
7821
7747
7822
7748
7823
7749
7824
7750
7825
7751
7826
7752
7827
7753
7828
7754
7829
7755
7830
7756
7831
7757
7832
7758
7833
7759
7834
7760
7835
7761
7836
7762
7837
7763
7838
7764
7839
7765
7840
7766
7841
7767
7842
7768
7843
7769
7844
7770
7845
7771
7846
7772
7847
7773
7848
7774
7849
7775
7850
7776
7851
7777
7852
7778
7853
7779
7854
7780
7855
7781
7856
7782
7857
7783
7858
7784
7859
7785
7860
7786
7861
7787
7862
7788
7863
7789
7864
7790
7865
7791
7866
7792
7867
7793
7868
7794
7869
7795
7870
7796
7871
7797
7872
7798
7873
7799
7874
7800
7875
7801
7876
7802
7877
7803
7878
7804
7879
7805
7880
7806
7881
7807
7882
7808
7883
7809
7884
7810
7885
7811
7886
7887
7813
7888
7814
7889
7815
7890
7816
7891
7817
7892
7818
7893
7819
7894
7820
7895
7821
7896
7822
7897
7823
7898
7824
7899
7825
7900
7826
7901
7827
7902
7828
7903
7829
7904
7830
7905
7831
7906
7832
7907
7833
7908
7834
7909
7835
7910
7836
7911
7837
7912
7838
7913
7839
7914
7840
7915
7841
7916
7842
7917
7843
7918
7844
7919
7845
7920
7846
7921
7847
7922
7848
7923
7849
7924
7850
7925
7851
7926
7852
7927
7853
7928
7854
7929
7855
7930
7856
7931
7857
7932
7858
7933
7859
7934
7860
7935
7861
7936
7862
7937
7863
7938
7864
7939
7865
7940
7866
7941
7867
7942
7868
7943
7869
7944
7870
7945
7871
7946
7872
7947
7873
7948
7874
7949
7875
7950
7876
7951
7877
7952
7878
7953
7879
7954
7880
7955
7881
7956
7882
7957
7883
7958
7884
7959
7885
7960
7886
7961
7887
7962
7963
7889
7964
7890
7965
7891
7966
7892
7967
7893
7968
7894
7969
7895
7970
7896
7971
7897
7972
7898
7973
7899
7974
7900
7975
7901
7976
7902
7977
7903
7978
7904
7979
7905
7980
7906
7981
7907
7982
7908
7983
7909
7984
7910
7985
7911
7986
7912
7987
7913
7988
7914
7989
7915
7990
7916
7991
7917
7992
7918
7993
7919
7994
7920
7995
7921
7996
7922
7997
7923
7998
7924
7999
7925
8000
7926
8001
7927
8002
7928
8003
7929
8004
7930
8005
7931
8006
7932
8007
7933
8008
7934
8009
7935
8010
7936
8011
7937
8012
7938
8013
7939
8014
7940
8015
7941
8016
7942
8017
7943
8018
7944
8019
7945
8020
7946
8021
7947
8022
7948
8023
7949
8024
7950
8025
7951
8026
7952
8027
7953
8028
7954
8029
7955
8030
7956
8031
7957
8032
7958
8033
7959
8034
7960
8035
7961
8036
7962
8037
7963
8038
8039
7965
8040
7966
8041
7967
8042
7968
8043
7969
8044
7970
8045
7971
8046
7972
8047
7973
8048
7974
8049
7975
8050
7976
8051
7977
8052
7978
8053
7979
8054
7980
8055
7981
8056
7982
8057
7983
8058
7984
8059
7985
8060
7986
8061
7987
8062
7988
8063
7989
8064
7990
8065
7991
8066
7992
8067
7993
8068
7994
8069
7995
8070
7996
8071
7997
8072
7998
8073
7999
8074
8000
8075
8001
8076
8002
8077
8003
8078
8004
8079
8005
8080
8006
8081
8007
8082
8008
8083
8009
8084
8010
8085
8011
8086
8012
8087
8013
8088
8014
8089
8015
8090
8016
8091
8017
8092
8018
8093
8019
8094
8020
8095
8021
8096
8022
8097
8023
8098
8024
8099
8025
8100
8026
8101
8027
8102
8028
8103
8029
8104
8030
8105
8031
8106
8032
8107
8033
8108
8034
8109
8035
8110
8036
8111
8037
8112
8038
8113
8039
8114
8115
8041
8116
8042
8117
8043
8118
8044
8119
8045
8120
8046
8121
8047
8122
8048
8123
8049
8124
8050
8125
8051
8126
8052
8127
8053
8128
8054
8129
8055
8130
8056
8131
8057
8132
8058
8133
8059
8134
8060
8135
8061
8136
8062
8137
8063
8138
8064
8139
8065
8140
8066
8141
8067
8142
8068
8143
8069
8144
8070
8145
8071
8146
8072
8147
8073
8148
8074
8149
8075
8150
8076
8151
8077
8152
8078
8153
8079
8154
8080
8155
8081
8156
8082
8157
8083
8158
8084
8159
8085
8160
8086
8161
8087
8162
8088
8163
8089
8164
8090
8165
8091
8166
8092
8167
8093
8168
8094
8169
8095
8170
8096
8171
8097
8172
8098
8173
8099
8174
8100
8175
8101
8176
8102
8177
8103
8178
8104
8179
8105
8180
8106
8181
8107
8182
8108
8183
8109
8184
8110
8185
8111
8186
8112
8187
8113
8188
8114
8189
8115
8190
8191
8117
8192
8118
8193
8119
8194
8120
8195
8121
8196
8122
8197
8123
8198
8124
8199
8125
8200
8126
8201
8127
8202
8128
8203
8129
8204
8130
8205
8131
8206
8132
8207
8133
8208
8134
8209
8135
8210
8136
8211
8137
8212
8138
8213
8139
8214
8140
8215
8141
8216
8142
8217
8143
8218
8144
8219
8145
8220
8146
8221
8147
8222
8148
8223
8149
8224
8150
8225
8151
8226
8152
8227
8153
8228
8154
8229
8155
8230
8156
8231
8157
8232
8158
8233
8159
8234
8160
8235
8161
8236
8162
8237
8163
8238
8164
8239
8165
8240
8166
8241
8167
8242
8168
8243
8169
8244
8170
8245
8171
8246
8172
8247
8173
8248
8174
8249
8175
8250
8176
8251
8177
8252
8178
8253
8179
8254
8180
8255
8181
8256
8182
8257
8183
8258
8184
8259
8185
8260
8186
8261
8187
8262
8188
8263
8189
8264
8190
8265
8191
8266
8267
8193
8268
8194
8269
8195
8270
8196
8271
8197
8272
8198
8273
8199
8274
8200
8275
8201
8276
8202
8277
8203
8278
8204
8279
8205
8280
8206
8281
8207
8282
8208
8283
8209
8284
8210
8285
8211
8286
8212
8287
8213
8288
8214
8289
8215
8290
8216
8291
8217
8292
8218
8293
8219
8294
8220
8295
8221
8296
8222
8297
8223
8298
8224
8299
8225
8300
8226
8301
8227
8302
8228
8303
8229
8304
8230
8305
8231
8306
8232
8307
8233
8308
8234
8309
8235
8310
8236
8311
8237
8312
8238
8313
8239
8314
8240
8315
8241
8316
8242
8317
8243
8318
8244
8319
8245
8320
8246
8321
8247
8322
8248
8323
8249
8324
8250
8325
8251
8326
8252
8327
8253
8328
8254
8329
8255
8330
8256
8331
8257
8332
8258
8333
8259
8334
8260
8335
8261
8336
8262
8337
8263
8338
8264
8339
8265
8340
8266
8341
8267
8342
8343
8269
8344
8270
8345
8271
8346
8272
8347
8273
8348
8274
8349
8275
8350
8276
8351
8277
8352
8278
8353
8279
8354
8280
8355
8281
8356
8282
8357
8283
8358
8284
8359
8285
8360
8286
8361
8287
8362
8288
8363
8289
8364
8290
8365
8291
8366
8292
8367
8293
8368
8294
8369
8295
8370
8296
8371
8297
8372
8298
8373
8299
8374
8300
8375
8301
8376
8302
8377
8303
8378
8304
8379
8305
8380
8306
8381
8307
8382
8308
8383
8309
8384
8310
8385
8311
8386
8312
8387
8313
8388
8314
8389
8315
8390
8316
8391
8317
8392
8318
8393
8319
8394
8320
8395
8321
8396
8322
8397
8323
8398
8324
8399
8325
8400
8326
8401
8327
8402
8328
8403
8329
8404
8330
8405
8331
8406
8332
8407
8333
8408
8334
8409
8335
8410
8336
8411
8337
8412
8338
8413
8339
8414
8340
8415
8341
8416
8342
8417
8343
8418
8419
8345
8420
8346
8421
8347
8422
8348
8423
8349
8424
8350
8425
8351
8426
8352
8427
8353
8428
8354
8429
8355
8430
8356
8431
8357
8432
8358
8433
8359
8434
8360
8435
8361
8436
8362
8437
8363
8438
8364
8439
8365
8440
8366
8441
8367
8442
8368
8443
8369
8444
8370
8445
8371
8446
8372
8447
8373
8448
8374
8449
8375
8450
8376
8451
8377
8452
8378
8453
8379
8454
8380
8455
8381
8456
8382
8457
8383
8458
8384
8459
8385
8460
8386
8461
8387
8462
8388
8463
8389
8464
8390
8465
8391
8466
8392
8467
8393
8468
8394
8469
8395
8470
8396
8471
8397
8472
8398
8473
8399
8474
8400
8475
8401
8476
8402
8477
8403
8478
8404
8479
8405
8480
8406
8481
8407
8482
8408
8483
8409
8484
8410
8485
8411
8486
8412
8487
8413
8488
8414
8489
8415
8490
8416
8491
8417
8492
8418
8493
8419
8494
8495
8421
8496
8422
8497
8423
8498
8424
8499
8425
8500
8426
8501
8427
8502
8428
8503
8429
8504
8430
8505
8431
8506
8432
8507
8433
8508
8434
8509
8435
8510
8436
8511
8437
8512
8438
8513
8439
8514
8440
8515
8441
8516
8442
8517
8443
8518
8444
8519
8445
8520
8446
8521
8447
8522
8448
8523
8449
8524
8450
8525
8451
8526
8452
8527
8453
8528
8454
8529
8455
8530
8456
8531
8457
8532
8458
8533
8459
8534
8460
8535
8461
8536
8462
8537
8463
8538
8464
8539
8465
8540
8466
8541
8467
8542
8468
8543
8469
8544
8470
8545
8471
8546
8472
8547
8473
8548
8474
8549
8475
8550
8476
8551
8477
8552
8478
8553
8479
8554
8480
8555
8481
8556
8482
8557
8483
8558
8484
8559
8485
8560
8486
8561
8487
8562
8488
8563
8489
8564
8490
8565
8491
8566
8492
8567
8493
8568
8494
8569
8495
8570
8571
8497
8572
8498
8573
8499
8574
8500
8575
8501
8576
8502
8577
8503
8578
8504
8579
8505
8580
8506
8581
8507
8582
8508
8583
8509
8584
8510
8585
8511
8586
8512
8587
8513
8588
8514
8589
8515
8590
8516
8591
8517
8592
8518
8593
8519
8594
8520
8595
8521
8596
8522
8597
8523
8598
8524
8599
8525
8600
8526
8601
8527
8602
8528
8603
8529
8604
8530
8605
8531
8606
8532
8607
8533
8608
8534
8609
8535
8610
8536
8611
8537
8612
8538
8613
8539
8614
8540
8615
8541
8616
8542
8617
8543
8618
8544
8619
8545
8620
8546
8621
8547
8622
8548
8623
8549
8624
8550
8625
8551
8626
8552
8627
8553
8628
8554
8629
8555
8630
8556
8631
8557
8632
8558
8633
8559
8634
8560
8635
8561
8636
8562
8637
8563
8638
8564
8639
8565
8640
8566
8641
8567
8642
8568
8643
8569
8644
8570
8645
8571
8646
8647
8573
8648
8574
8649
8575
8650
8576
8651
8577
8652
8578
8653
8579
8654
8580
8655
8581
8656
8582
8657
8583
8658
8584
8659
8585
8660
8586
8661
8587
8662
8588
8663
8589
8664
8590
8665
8591
8666
8592
8667
8593
8668
8594
8669
8595
8670
8596
8671
8597
8672
8598
8673
8599
8674
8600
8675
8601
8676
8602
8677
8603
8678
8604
8679
8605
8680
8606
8681
8607
8682
8608
8683
8609
8684
8610
8685
8611
8686
8612
8687
8613
8688
8614
8689
8615
8690
8616
8691
8617
8692
8618
8693
8619
8694
8620
8695
8621
8696
8622
8697
8623
8698
8624
8699
8625
8700
8626
8701
8627
8702
8628
8703
8629
8704
8630
8705
8631
8706
8632
8707
8633
8708
8634
8709
8635
8710
8636
8711
8637
8712
8638
8713
8639
8714
8640
8715
8641
8716
8642
8717
8643
8718
8644
8719
8645
8720
8646
8721
8647
8722
8723
8649
8724
8650
8725
8651
8726
8652
8727
8653
8728
8654
8729
8655
8730
8656
8731
8657
8732
8658
8733
8659
8734
8660
8735
8661
8736
8662
8737
8663
8738
8664
8739
8665
8740
8666
8741
8667
8742
8668
8743
8669
8744
8670
8745
8671
8746
8672
8747
8673
8748
8674
8749
8675
8750
8676
8751
8677
8752
8678
8753
8679
8754
8680
8755
8681
8756
8682
8757
8683
8758
8684
8759
8685
8760
8686
8761
8687
8762
8688
8763
8689
8764
8690
8765
8691
8766
8692
8767
8693
8768
8694
8769
8695
8770
8696
8771
8697
8772
8698
8773
8699
8774
8700
8775
8701
8776
8702
8777
8703
8778
8704
8779
8705
8780
8706
8781
8707
8782
8708
8783
8709
8784
8710
8785
8711
8786
8712
8787
8713
8788
8714
8789
8715
8790
8716
8791
8717
8792
8718
8793
8719
8794
8720
8795
8721
8796
8722
8797
8723
8798
8799
8725
8726
8727
8728
8729
8730
8731
8732
8733
8734
8735
8736
8737
8738
8739
8740
8741
8742
8743
8744
8745
8746
8747
8748
8749
8750
8751
8752
8753
8754
8755
8756
8757
8758
8759
8760
8761
8762
8763
8764
8765
8766
8767
8768
8769
8770
8771
8772
8773
8774
8775
8776
8777
8778
8779
8780
8781
8782
8783
8784
8785
8786
8787
8788
8789
8790
8791
8792
8793
8794
8795
8796
8797
8798
8799
)


// ************************************************************************* //
